cslen: 40
Work Load
11 1.0 1.0 1.0
12 1.0 1.0 1.0
13 0.646 0.569 0.412
14 0.566 0.493 0.355
15 0.53 0.445 0.305
16 0.516 0.427 0.269
17 0.429 0.297 0.195
18 0.001 0.0 0.0
19 0.0 0.0 0.0
110 0.0 0.0 0.0
CS Length 
Resource Access 
11 0.557 0.532 0.362
12 0.554 0.475 0.33
13 0.588 0.479 0.334
14 0.537 0.426 0.292
15 0.559 0.44 0.296
16 0.528 0.393 0.262
17 0.468 0.339 0.214
18 0.474 0.349 0.218
19 0.478 0.333 0.224
110 0.498 0.364 0.236
111 0.448 0.302 0.195
112 0.439 0.308 0.196
113 0.457 0.327 0.233
114 0.432 0.288 0.191
115 0.429 0.28 0.172
116 0.386 0.24 0.146
117 0.385 0.245 0.144
118 0.375 0.245 0.143
119 0.39 0.245 0.131
120 0.373 0.25 0.138
Parallel 
22 1.0 1.0 1.0
23 1.0 1.0 1.0
24 1.0 1.0 1.0
25 0.997 0.997 0.993
26 0.996 0.996 0.985
27 0.995 0.992 0.961
28 0.983 0.973 0.928
29 0.964 0.954 0.884
210 0.926 0.904 0.799
211 0.886 0.86 0.715
212 0.85 0.806 0.667
213 0.803 0.752 0.594
214 0.711 0.645 0.52
215 0.662 0.601 0.425
216 0.574 0.498 0.344
RSF 
11 1.0 1.0 1.0
12 0.572 0.505 0.351
13 0.58 0.491 0.33
14 0.019 0.019 0.004
15 0.029 0.022 0.006
16 0.027 0.023 0.003
17 0.001 0.0 0.0
18 0.0 0.0 0.0
19 0.0 0.0 0.0
110 0.0 0.0 0.0




cslen: 42
Work Load
11 1.0 1.0 1.0
12 1.0 1.0 1.0
13 0.598 0.534 0.376
14 0.607 0.522 0.382
15 0.543 0.455 0.331
16 0.466 0.351 0.252
17 0.386 0.255 0.187
18 0.001 0.0 0.0
19 0.0 0.0 0.0
110 0.0 0.0 0.0
CS Length 
Resource Access 
11 0.561 0.534 0.349
12 0.592 0.505 0.363
13 0.565 0.472 0.332
14 0.57 0.452 0.321
15 0.544 0.413 0.279
16 0.519 0.385 0.271
17 0.483 0.351 0.257
18 0.481 0.356 0.234
19 0.482 0.352 0.244
110 0.457 0.333 0.234
111 0.421 0.293 0.192
112 0.432 0.307 0.195
113 0.416 0.265 0.168
114 0.444 0.29 0.184
115 0.419 0.276 0.172
116 0.438 0.282 0.174
117 0.404 0.251 0.157
118 0.365 0.232 0.145
119 0.413 0.271 0.169
120 0.364 0.219 0.154
Parallel 
22 1.0 1.0 1.0
23 1.0 1.0 1.0
24 1.0 1.0 1.0
25 0.999 0.999 0.994
26 0.994 0.993 0.983
27 0.992 0.988 0.956
28 0.973 0.963 0.929
29 0.958 0.95 0.871
210 0.93 0.916 0.801
211 0.873 0.843 0.735
212 0.8 0.757 0.633
213 0.78 0.726 0.575
214 0.714 0.659 0.498
215 0.64 0.559 0.386
216 0.55 0.477 0.328
RSF 
11 1.0 1.0 1.0
12 0.595 0.519 0.357
13 0.598 0.498 0.364
14 0.027 0.018 0.003
15 0.027 0.019 0.006
16 0.03 0.025 0.013
17 0.001 0.0 0.0
18 0.0 0.0 0.0
19 0.0 0.0 0.0
110 0.0 0.0 0.0




cslen: 44
Work Load
11 1.0 1.0 1.0
12 1.0 1.0 1.0
13 0.606 0.534 0.392
14 0.561 0.476 0.357
15 0.528 0.434 0.33
16 0.459 0.36 0.264
17 0.403 0.282 0.202
18 0.001 0.0 0.001
19 0.0 0.0 0.0
110 0.0 0.0 0.0
CS Length 
Resource Access 
11 0.571 0.54 0.371
12 0.573 0.489 0.345
13 0.568 0.46 0.328
14 0.54 0.427 0.298
15 0.507 0.385 0.268
16 0.507 0.369 0.261
17 0.522 0.395 0.296
18 0.48 0.325 0.227
19 0.45 0.304 0.222
110 0.439 0.292 0.199
111 0.406 0.265 0.189
112 0.443 0.307 0.209
113 0.44 0.302 0.203
114 0.446 0.285 0.174
115 0.404 0.251 0.184
116 0.411 0.266 0.17
117 0.425 0.26 0.164
118 0.384 0.244 0.182
119 0.37 0.239 0.155
120 0.38 0.219 0.156
Parallel 
22 1.0 1.0 1.0
23 1.0 1.0 1.0
24 1.0 1.0 0.998
25 1.0 1.0 0.992
26 0.991 0.991 0.978
27 0.992 0.988 0.953
28 0.969 0.964 0.916
29 0.949 0.931 0.87
210 0.906 0.887 0.777
211 0.876 0.841 0.728
212 0.83 0.768 0.652
213 0.785 0.714 0.572
214 0.724 0.657 0.507
215 0.646 0.562 0.426
216 0.554 0.469 0.331
RSF 
11 1.0 1.0 1.0
12 0.568 0.494 0.365
13 0.597 0.523 0.364
14 0.019 0.019 0.005
15 0.023 0.018 0.009
16 0.03 0.025 0.014
17 0.0 0.0 0.0
18 0.0 0.0 0.0
19 0.0 0.0 0.0
110 0.0 0.0 0.0




cslen: 46
Work Load
11 1.0 1.0 1.0
12 1.0 1.0 1.0
13 0.568 0.492 0.358
14 0.571 0.488 0.369
15 0.479 0.383 0.282
16 0.491 0.377 0.275
17 0.39 0.261 0.202
18 0.0 0.0 0.001
19 0.0 0.0 0.0
110 0.0 0.0 0.0
CS Length 
Resource Access 
11 0.575 0.543 0.365
12 0.566 0.492 0.363
13 0.557 0.437 0.309
14 0.54 0.414 0.32
15 0.541 0.397 0.288
16 0.498 0.367 0.281
17 0.466 0.323 0.233
18 0.464 0.331 0.237
19 0.471 0.314 0.238
110 0.463 0.315 0.223
111 0.445 0.298 0.216
112 0.431 0.299 0.214
113 0.412 0.265 0.174
114 0.434 0.276 0.184
115 0.402 0.245 0.177
116 0.386 0.256 0.179
117 0.381 0.22 0.145
118 0.377 0.233 0.159
119 0.378 0.215 0.168
120 0.387 0.228 0.16
Parallel 
22 1.0 1.0 1.0
23 1.0 1.0 1.0
24 0.999 0.999 0.998
25 0.997 0.997 0.996
26 0.993 0.99 0.972
27 0.987 0.982 0.964
28 0.966 0.954 0.908
29 0.95 0.933 0.875
210 0.921 0.896 0.814
211 0.887 0.86 0.753
212 0.842 0.791 0.661
213 0.758 0.701 0.573
214 0.708 0.658 0.513
215 0.647 0.578 0.443
216 0.547 0.468 0.328
RSF 
11 1.0 1.0 1.0
12 0.558 0.482 0.351
13 0.543 0.462 0.322
14 0.023 0.018 0.007
15 0.026 0.021 0.01
16 0.025 0.023 0.011
17 0.001 0.001 0.0
18 0.0 0.0 0.0
19 0.0 0.0 0.0
110 0.0 0.0 0.0




cslen: 48
Work Load
11 1.0 1.0 1.0
12 1.0 1.0 1.0
13 0.59 0.514 0.393
14 0.564 0.476 0.346
15 0.492 0.408 0.304
16 0.452 0.349 0.255
17 0.385 0.263 0.2
18 0.0 0.0 0.0
19 0.0 0.0 0.0
110 0.0 0.0 0.0
CS Length 
Resource Access 
11 0.538 0.502 0.339
12 0.572 0.473 0.36
13 0.539 0.422 0.337
14 0.529 0.416 0.316
15 0.49 0.363 0.296
16 0.506 0.372 0.281
17 0.486 0.368 0.277
18 0.473 0.333 0.243
19 0.477 0.325 0.247
110 0.455 0.294 0.22
111 0.419 0.271 0.195
112 0.414 0.265 0.194
113 0.414 0.248 0.172
114 0.412 0.243 0.16
115 0.387 0.234 0.174
116 0.416 0.248 0.197
117 0.368 0.21 0.151
118 0.386 0.231 0.163
119 0.358 0.201 0.143
120 0.374 0.213 0.154
Parallel 
22 1.0 1.0 1.0
23 1.0 1.0 1.0
24 0.999 0.999 0.998
25 0.997 0.997 0.991
26 0.997 0.996 0.977
27 0.991 0.987 0.969
28 0.962 0.953 0.903
29 0.949 0.934 0.872
210 0.928 0.907 0.811
211 0.878 0.839 0.749
212 0.82 0.774 0.661
213 0.785 0.713 0.582
214 0.671 0.613 0.465
215 0.604 0.542 0.433
216 0.568 0.491 0.35
RSF 
11 1.0 1.0 1.0
12 0.567 0.468 0.34
13 0.56 0.474 0.362
14 0.021 0.013 0.004
15 0.022 0.019 0.006
16 0.02 0.023 0.007
17 0.0 0.0 0.0
18 0.0 0.0 0.0
19 0.0 0.0 0.0
110 0.0 0.0 0.0




cslen: 50
Work Load
11 1.0 1.0 1.0
12 1.0 1.0 1.0
13 0.603 0.525 0.401
14 0.562 0.469 0.354
15 0.523 0.407 0.322
16 0.404 0.317 0.243
17 0.36 0.23 0.181
18 0.001 0.0 0.0
19 0.0 0.0 0.0
110 0.0 0.0 0.0
CS Length 
Resource Access 
11 0.541 0.511 0.336
12 0.567 0.464 0.349
13 0.545 0.429 0.314
14 0.502 0.382 0.3
15 0.492 0.378 0.286
16 0.477 0.343 0.258
17 0.473 0.327 0.244
18 0.466 0.321 0.246
19 0.416 0.277 0.201
110 0.427 0.263 0.199
111 0.424 0.266 0.203
112 0.404 0.246 0.19
113 0.423 0.265 0.203
114 0.404 0.25 0.192
115 0.35 0.206 0.155
116 0.409 0.223 0.164
117 0.378 0.237 0.174
118 0.38 0.217 0.16
119 0.349 0.219 0.16
120 0.356 0.208 0.16
Parallel 
22 1.0 1.0 1.0
23 1.0 1.0 1.0
24 1.0 1.0 0.999
25 0.997 0.997 0.994
26 0.995 0.995 0.986
27 0.983 0.978 0.969
28 0.967 0.954 0.915
29 0.96 0.938 0.878
210 0.923 0.892 0.816
211 0.885 0.838 0.74
212 0.825 0.779 0.675
213 0.747 0.679 0.563
214 0.696 0.61 0.485
215 0.624 0.537 0.416
216 0.527 0.438 0.321
RSF 
11 1.0 1.0 1.0
12 0.565 0.473 0.352
13 0.531 0.441 0.33
14 0.017 0.021 0.012
15 0.012 0.007 0.002
16 0.013 0.019 0.007
17 0.0 0.0 0.0
18 0.0 0.0 0.0
19 0.0 0.0 0.0
110 0.0 0.0 0.0




cslen: 52
Work Load
11 1.0 1.0 1.0
12 1.0 1.0 1.0
13 0.622 0.542 0.403
14 0.551 0.458 0.357
15 0.496 0.393 0.301
16 0.444 0.351 0.273
17 0.339 0.229 0.189
18 0.0 0.0 0.0
19 0.0 0.0 0.0
110 0.0 0.0 0.0
CS Length 
Resource Access 
11 0.52 0.489 0.343
12 0.54 0.448 0.344
13 0.517 0.409 0.32
14 0.534 0.413 0.336
15 0.494 0.36 0.306
16 0.504 0.36 0.301
17 0.456 0.305 0.222
18 0.434 0.317 0.26
19 0.439 0.286 0.223
110 0.428 0.278 0.229
111 0.414 0.251 0.191
112 0.396 0.237 0.186
113 0.423 0.259 0.192
114 0.409 0.254 0.199
115 0.375 0.221 0.17
116 0.378 0.237 0.197
117 0.358 0.206 0.154
118 0.368 0.215 0.162
119 0.378 0.231 0.181
120 0.344 0.182 0.131
Parallel 
22 1.0 1.0 1.0
23 1.0 1.0 1.0
24 1.0 1.0 0.998
25 0.998 0.998 0.992
26 0.995 0.993 0.975
27 0.983 0.979 0.959
28 0.979 0.967 0.912
29 0.937 0.923 0.854
210 0.921 0.891 0.831
211 0.838 0.795 0.71
212 0.798 0.745 0.655
213 0.763 0.697 0.591
214 0.664 0.585 0.469
215 0.617 0.525 0.407
216 0.548 0.468 0.35
RSF 
11 1.0 1.0 1.0
12 0.558 0.458 0.345
13 0.555 0.458 0.366
14 0.014 0.004 0.001
15 0.017 0.011 0.007
16 0.014 0.015 0.009
17 0.0 0.0 0.0
18 0.0 0.0 0.0
19 0.0 0.0 0.0
110 0.0 0.0 0.0




cslen: 54
Work Load
11 1.0 1.0 1.0
12 1.0 1.0 1.0
13 0.594 0.513 0.383
14 0.533 0.446 0.342
15 0.494 0.407 0.318
16 0.414 0.319 0.261
17 0.322 0.197 0.164
18 0.001 0.0 0.0
19 0.0 0.0 0.0
110 0.0 0.0 0.0
CS Length 
Resource Access 
11 0.497 0.476 0.341
12 0.504 0.409 0.315
13 0.491 0.358 0.287
14 0.511 0.365 0.302
15 0.482 0.334 0.289
16 0.486 0.342 0.268
17 0.456 0.313 0.258
18 0.43 0.283 0.236
19 0.429 0.273 0.214
110 0.439 0.297 0.233
111 0.414 0.252 0.212
112 0.392 0.246 0.205
113 0.402 0.256 0.212
114 0.368 0.213 0.176
115 0.363 0.214 0.178
116 0.388 0.225 0.179
117 0.373 0.228 0.193
118 0.388 0.208 0.161
119 0.36 0.188 0.144
120 0.342 0.185 0.132
Parallel 
22 1.0 1.0 1.0
23 1.0 1.0 1.0
24 1.0 1.0 1.0
25 1.0 1.0 0.998
26 0.994 0.994 0.984
27 0.98 0.978 0.957
28 0.973 0.957 0.916
29 0.952 0.935 0.88
210 0.902 0.867 0.803
211 0.853 0.799 0.731
212 0.82 0.763 0.684
213 0.729 0.671 0.581
214 0.705 0.635 0.514
215 0.614 0.537 0.42
216 0.529 0.448 0.366
RSF 
11 1.0 1.0 1.0
12 0.523 0.453 0.351
13 0.536 0.444 0.349
14 0.011 0.015 0.006
15 0.014 0.015 0.007
16 0.014 0.014 0.009
17 0.0 0.0 0.0
18 0.0 0.0 0.0
19 0.0 0.0 0.0
110 0.0 0.0 0.0




cslen: 56
Work Load
11 1.0 1.0 1.0
12 1.0 1.0 1.0
13 0.582 0.485 0.383
14 0.514 0.418 0.326
15 0.446 0.367 0.312
16 0.41 0.321 0.257
17 0.358 0.226 0.202
18 0.0 0.0 0.0
19 0.0 0.0 0.0
110 0.0 0.0 0.0
CS Length 
Resource Access 
11 0.488 0.469 0.327
12 0.546 0.471 0.373
13 0.523 0.409 0.322
14 0.52 0.372 0.315
15 0.504 0.36 0.308
16 0.48 0.33 0.274
17 0.465 0.31 0.259
18 0.427 0.265 0.223
19 0.446 0.282 0.238
110 0.436 0.276 0.218
111 0.447 0.287 0.241
112 0.425 0.259 0.217
113 0.403 0.24 0.198
114 0.401 0.239 0.212
115 0.37 0.197 0.174
116 0.37 0.213 0.178
117 0.37 0.193 0.165
118 0.336 0.197 0.156
119 0.371 0.215 0.171
120 0.341 0.185 0.163
Parallel 
22 1.0 1.0 1.0
23 1.0 1.0 1.0
24 1.0 1.0 1.0
25 0.997 0.997 0.994
26 0.99 0.988 0.978
27 0.982 0.979 0.949
28 0.975 0.959 0.936
29 0.942 0.928 0.871
210 0.914 0.872 0.817
211 0.853 0.794 0.706
212 0.801 0.757 0.676
213 0.739 0.675 0.581
214 0.67 0.577 0.473
215 0.604 0.517 0.398
216 0.523 0.435 0.334
RSF 
11 1.0 1.0 1.0
12 0.53 0.444 0.35
13 0.506 0.442 0.331
14 0.005 0.007 0.003
15 0.009 0.009 0.007
16 0.01 0.009 0.007
17 0.0 0.0 0.0
18 0.0 0.0 0.0
19 0.0 0.0 0.0
110 0.0 0.0 0.0




cslen: 58
Work Load
11 1.0 1.0 1.0
12 1.0 1.0 1.0
13 0.553 0.479 0.39
14 0.517 0.434 0.347
15 0.448 0.375 0.308
16 0.376 0.306 0.253
17 0.277 0.191 0.175
18 0.0 0.0 0.0
19 0.0 0.0 0.0
110 0.0 0.0 0.0
CS Length 
Resource Access 
11 0.517 0.496 0.34
12 0.479 0.423 0.344
13 0.505 0.398 0.333
14 0.514 0.372 0.303
15 0.468 0.312 0.285
16 0.456 0.297 0.27
17 0.453 0.304 0.276
18 0.422 0.277 0.254
19 0.445 0.271 0.251
110 0.404 0.237 0.207
111 0.406 0.247 0.222
112 0.386 0.242 0.213
113 0.358 0.189 0.174
114 0.387 0.223 0.197
115 0.376 0.203 0.179
116 0.366 0.212 0.202
117 0.357 0.191 0.174
118 0.371 0.188 0.155
119 0.347 0.182 0.161
120 0.352 0.188 0.159
Parallel 
22 1.0 1.0 1.0
23 1.0 1.0 1.0
24 1.0 1.0 1.0
25 0.998 0.997 0.994
26 0.99 0.989 0.977
27 0.99 0.984 0.965
28 0.966 0.954 0.911
29 0.934 0.903 0.861
210 0.901 0.881 0.812
211 0.864 0.828 0.744
212 0.806 0.737 0.66
213 0.733 0.665 0.574
214 0.654 0.559 0.48
215 0.601 0.523 0.433
216 0.511 0.436 0.352
RSF 
11 1.0 1.0 1.0
12 0.517 0.431 0.342
13 0.516 0.433 0.346
14 0.005 0.005 0.003
15 0.007 0.01 0.007
16 0.002 0.009 0.004
17 0.0 0.0 0.0
18 0.0 0.0 0.0
19 0.0 0.0 0.0
110 0.0 0.0 0.0




cslen: 60
Work Load
11 1.0 1.0 1.0
12 1.0 1.0 1.0
13 0.532 0.46 0.363
14 0.456 0.4 0.33
15 0.416 0.363 0.302
16 0.344 0.284 0.238
17 0.28 0.177 0.168
18 0.0 0.0 0.0
19 0.0 0.0 0.0
110 0.0 0.0 0.0
CS Length 
Resource Access 
11 0.442 0.433 0.329
12 0.494 0.421 0.347
13 0.445 0.336 0.268
14 0.477 0.351 0.296
15 0.474 0.342 0.296
16 0.416 0.307 0.263
17 0.42 0.3 0.263
18 0.448 0.281 0.262
19 0.408 0.253 0.242
110 0.385 0.23 0.205
111 0.374 0.218 0.197
112 0.387 0.223 0.194
113 0.385 0.218 0.202
114 0.363 0.202 0.175
115 0.352 0.187 0.169
116 0.373 0.208 0.166
117 0.371 0.197 0.179
118 0.361 0.199 0.169
119 0.361 0.184 0.173
120 0.333 0.177 0.174
Parallel 
22 1.0 1.0 1.0
23 1.0 1.0 1.0
24 1.0 1.0 0.999
25 1.0 1.0 0.993
26 0.996 0.993 0.98
27 0.989 0.985 0.962
28 0.959 0.95 0.914
29 0.945 0.904 0.879
210 0.907 0.868 0.809
211 0.843 0.783 0.694
212 0.812 0.751 0.667
213 0.714 0.639 0.563
214 0.635 0.526 0.45
215 0.58 0.492 0.409
216 0.501 0.437 0.356
RSF 
11 1.0 1.0 1.0
12 0.482 0.428 0.345
13 0.518 0.437 0.359
14 0.004 0.006 0.005
15 0.007 0.012 0.004
16 0.006 0.008 0.006
17 0.0 0.0 0.0
18 0.0 0.0 0.0
19 0.0 0.0 0.0
110 0.0 0.0 0.0




cslen: 62
Work Load
11 1.0 1.0 1.0
12 1.0 1.0 1.0
13 0.534 0.471 0.398
14 0.459 0.405 0.325
15 0.393 0.347 0.297
16 0.322 0.282 0.251
17 0.247 0.187 0.191
18 0.0 0.0 0.0
19 0.0 0.0 0.0
110 0.0 0.0 0.0
CS Length 
Resource Access 
11 0.456 0.472 0.346
12 0.467 0.397 0.33
13 0.482 0.394 0.35
14 0.445 0.336 0.291
15 0.476 0.349 0.3
16 0.42 0.292 0.265
17 0.417 0.282 0.261
18 0.41 0.274 0.247
19 0.404 0.245 0.236
110 0.397 0.246 0.214
111 0.387 0.239 0.217
112 0.387 0.226 0.207
113 0.375 0.203 0.192
114 0.356 0.185 0.177
115 0.333 0.166 0.171
116 0.34 0.187 0.168
117 0.361 0.203 0.2
118 0.327 0.162 0.163
119 0.345 0.185 0.165
120 0.337 0.159 0.151
Parallel 
22 1.0 1.0 1.0
23 1.0 1.0 1.0
24 0.999 0.999 0.999
25 1.0 0.999 0.997
26 0.993 0.988 0.969
27 0.988 0.981 0.953
28 0.957 0.94 0.915
29 0.946 0.914 0.866
210 0.911 0.866 0.805
211 0.837 0.786 0.72
212 0.793 0.735 0.663
213 0.71 0.636 0.573
214 0.648 0.573 0.492
215 0.586 0.486 0.425
216 0.46 0.421 0.352
RSF 
11 1.0 1.0 1.0
12 0.468 0.398 0.324
13 0.493 0.419 0.356
14 0.001 0.009 0.005
15 0.002 0.006 0.007
16 0.004 0.007 0.005
17 0.0 0.0 0.0
18 0.0 0.0 0.0
19 0.0 0.0 0.0
110 0.0 0.0 0.0




cslen: 64
Work Load
11 1.0 1.0 1.0
12 1.0 1.0 1.0
13 0.51 0.467 0.389
14 0.452 0.406 0.321
15 0.405 0.366 0.325
16 0.296 0.249 0.22
17 0.251 0.197 0.195
18 0.0 0.0 0.0
19 0.0 0.0 0.0
110 0.0 0.0 0.0
CS Length 
Resource Access 
11 0.437 0.462 0.355
12 0.431 0.388 0.33
13 0.431 0.37 0.325
14 0.436 0.351 0.311
15 0.412 0.296 0.268
16 0.395 0.275 0.258
17 0.413 0.295 0.274
18 0.399 0.264 0.244
19 0.401 0.257 0.241
110 0.389 0.231 0.225
111 0.383 0.203 0.197
112 0.348 0.208 0.22
113 0.362 0.208 0.193
114 0.361 0.18 0.177
115 0.349 0.191 0.182
116 0.347 0.185 0.185
117 0.328 0.177 0.183
118 0.343 0.177 0.175
119 0.339 0.168 0.155
120 0.329 0.156 0.157
Parallel 
22 1.0 1.0 1.0
23 1.0 1.0 1.0
24 1.0 1.0 1.0
25 0.999 0.998 0.995
26 0.99 0.987 0.977
27 0.988 0.982 0.961
28 0.946 0.933 0.906
29 0.922 0.892 0.847
210 0.863 0.837 0.782
211 0.829 0.775 0.71
212 0.774 0.723 0.66
213 0.713 0.649 0.576
214 0.632 0.533 0.49
215 0.519 0.477 0.414
216 0.464 0.408 0.351
RSF 
11 1.0 1.0 1.0
12 0.455 0.413 0.36
13 0.446 0.411 0.349
14 0.004 0.01 0.008
15 0.002 0.004 0.001
16 0.0 0.007 0.005
17 0.0 0.0 0.0
18 0.0 0.0 0.0
19 0.0 0.0 0.0
110 0.0 0.0 0.0




cslen: 66
Work Load
11 1.0 1.0 1.0
12 1.0 1.0 1.0
13 0.456 0.424 0.365
14 0.435 0.421 0.337
15 0.351 0.323 0.28
16 0.306 0.27 0.236
17 0.197 0.15 0.146
18 0.0 0.0 0.0
19 0.0 0.0 0.0
110 0.0 0.0 0.0
CS Length 
Resource Access 
11 0.393 0.444 0.361
12 0.425 0.407 0.358
13 0.412 0.353 0.318
14 0.439 0.354 0.329
15 0.374 0.293 0.287
16 0.409 0.297 0.286
17 0.399 0.266 0.264
18 0.388 0.262 0.258
19 0.353 0.213 0.223
110 0.362 0.238 0.229
111 0.395 0.228 0.232
112 0.365 0.216 0.195
113 0.331 0.188 0.197
114 0.334 0.17 0.163
115 0.339 0.2 0.201
116 0.32 0.174 0.182
117 0.349 0.167 0.169
118 0.322 0.16 0.178
119 0.335 0.179 0.181
120 0.344 0.166 0.155
Parallel 
22 1.0 1.0 1.0
23 1.0 1.0 1.0
24 1.0 0.999 0.999
25 1.0 1.0 0.999
26 0.995 0.993 0.982
27 0.979 0.971 0.948
28 0.968 0.954 0.927
29 0.938 0.905 0.88
210 0.88 0.833 0.782
211 0.835 0.772 0.71
212 0.793 0.733 0.684
213 0.742 0.676 0.596
214 0.629 0.575 0.504
215 0.541 0.487 0.433
216 0.452 0.413 0.343
RSF 
11 1.0 1.0 1.0
12 0.407 0.396 0.333
13 0.426 0.374 0.305
14 0.002 0.011 0.008
15 0.002 0.005 0.006
16 0.0 0.004 0.005
17 0.0 0.0 0.0
18 0.0 0.0 0.0
19 0.0 0.0 0.0
110 0.0 0.0 0.0




cslen: 68
Work Load
11 1.0 1.0 1.0
12 1.0 1.0 1.0
13 0.468 0.447 0.371
14 0.383 0.381 0.346
15 0.326 0.334 0.302
16 0.264 0.259 0.225
17 0.2 0.159 0.172
18 0.0 0.0 0.0
19 0.0 0.0 0.0
110 0.0 0.0 0.0
CS Length 
Resource Access 
11 0.369 0.447 0.343
12 0.399 0.39 0.325
13 0.397 0.376 0.328
14 0.42 0.35 0.315
15 0.407 0.32 0.314
16 0.385 0.275 0.259
17 0.384 0.272 0.277
18 0.345 0.225 0.228
19 0.377 0.247 0.245
110 0.36 0.224 0.243
111 0.371 0.221 0.231
112 0.341 0.207 0.219
113 0.326 0.171 0.184
114 0.364 0.218 0.228
115 0.341 0.163 0.172
116 0.311 0.16 0.163
117 0.298 0.153 0.174
118 0.315 0.163 0.165
119 0.325 0.158 0.155
120 0.309 0.153 0.159
Parallel 
22 1.0 1.0 1.0
23 1.0 1.0 1.0
24 0.999 0.999 0.999
25 0.998 0.998 0.992
26 0.99 0.989 0.981
27 0.978 0.968 0.956
28 0.953 0.94 0.914
29 0.935 0.898 0.855
210 0.873 0.834 0.785
211 0.853 0.812 0.734
212 0.773 0.7 0.643
213 0.696 0.636 0.57
214 0.593 0.552 0.474
215 0.487 0.463 0.405
216 0.374 0.378 0.317
RSF 
11 1.0 1.0 1.0
12 0.401 0.412 0.359
13 0.384 0.412 0.356
14 0.0 0.007 0.003
15 0.001 0.007 0.01
16 0.001 0.006 0.002
17 0.0 0.0 0.0
18 0.0 0.0 0.0
19 0.0 0.0 0.0
110 0.0 0.0 0.0




cslen: 70
Work Load
11 1.0 1.0 1.0
12 1.0 1.0 1.0
13 0.442 0.45 0.381
14 0.358 0.392 0.337
15 0.274 0.323 0.293
16 0.249 0.258 0.248
17 0.19 0.166 0.183
18 0.0 0.0 0.0
19 0.0 0.0 0.0
110 0.0 0.0 0.0
CS Length 
Resource Access 
11 0.322 0.416 0.318
12 0.365 0.398 0.353
13 0.362 0.369 0.344
14 0.387 0.328 0.316
15 0.375 0.307 0.308
16 0.346 0.277 0.272
17 0.356 0.245 0.242
18 0.334 0.237 0.242
19 0.354 0.245 0.246
110 0.336 0.201 0.216
111 0.361 0.216 0.226
112 0.334 0.194 0.202
113 0.31 0.182 0.184
114 0.316 0.158 0.179
115 0.311 0.149 0.176
116 0.31 0.153 0.165
117 0.307 0.156 0.179
118 0.317 0.162 0.182
119 0.312 0.162 0.17
120 0.309 0.148 0.163
Parallel 
22 1.0 1.0 1.0
23 1.0 1.0 1.0
24 1.0 1.0 0.999
25 0.999 0.996 0.993
26 0.995 0.99 0.983
27 0.981 0.974 0.959
28 0.943 0.926 0.902
29 0.936 0.902 0.855
210 0.916 0.873 0.81
211 0.839 0.776 0.729
212 0.752 0.695 0.638
213 0.654 0.593 0.531
214 0.587 0.561 0.511
215 0.473 0.477 0.421
216 0.356 0.381 0.324
RSF 
11 1.0 1.0 1.0
12 0.373 0.391 0.345
13 0.387 0.409 0.365
14 0.0 0.003 0.005
15 0.001 0.005 0.002
16 0.001 0.008 0.009
17 0.0 0.0 0.0
18 0.0 0.0 0.0
19 0.0 0.0 0.0
110 0.0 0.0 0.0




cslen: 72
Work Load
11 1.0 1.0 1.0
12 1.0 1.0 1.0
13 0.431 0.416 0.378
14 0.355 0.379 0.33
15 0.273 0.326 0.291
16 0.234 0.241 0.219
17 0.157 0.147 0.176
18 0.0 0.0 0.0
19 0.0 0.0 0.0
110 0.0 0.0 0.0
CS Length 
Resource Access 
11 0.311 0.444 0.346
12 0.322 0.382 0.344
13 0.32 0.341 0.319
14 0.342 0.323 0.319
15 0.342 0.309 0.305
16 0.35 0.266 0.273
17 0.352 0.268 0.274
18 0.307 0.23 0.233
19 0.314 0.223 0.244
110 0.347 0.213 0.233
111 0.328 0.207 0.234
112 0.31 0.184 0.202
113 0.333 0.188 0.206
114 0.295 0.165 0.184
115 0.299 0.159 0.194
116 0.301 0.162 0.18
117 0.312 0.153 0.184
118 0.285 0.159 0.184
119 0.311 0.136 0.163
120 0.267 0.135 0.161
Parallel 
22 1.0 1.0 1.0
23 1.0 1.0 1.0
24 0.999 0.999 0.999
25 0.998 0.998 0.995
26 0.996 0.994 0.979
27 0.978 0.972 0.956
28 0.961 0.939 0.91
29 0.923 0.896 0.86
210 0.875 0.833 0.776
211 0.839 0.8 0.748
212 0.765 0.713 0.669
213 0.66 0.602 0.556
214 0.592 0.556 0.509
215 0.48 0.5 0.444
216 0.305 0.364 0.339
RSF 
11 1.0 1.0 1.0
12 0.317 0.363 0.345
13 0.346 0.413 0.37
14 0.0 0.006 0.003
15 0.001 0.005 0.004
16 0.001 0.004 0.006
17 0.0 0.0 0.0
18 0.0 0.0 0.0
19 0.0 0.0 0.0
110 0.0 0.0 0.0




cslen: 74
Work Load
11 1.0 1.0 1.0
12 1.0 1.0 1.0
13 0.398 0.461 0.407
14 0.299 0.387 0.355
15 0.242 0.318 0.31
16 0.214 0.241 0.232
17 0.14 0.126 0.157
18 0.0 0.0 0.0
19 0.0 0.0 0.0
110 0.0 0.0 0.0
CS Length 
Resource Access 
11 0.318 0.462 0.362
12 0.281 0.377 0.338
13 0.285 0.351 0.32
14 0.323 0.317 0.308
15 0.314 0.28 0.298
16 0.298 0.247 0.258
17 0.314 0.241 0.252
18 0.31 0.221 0.242
19 0.309 0.234 0.253
110 0.313 0.217 0.23
111 0.287 0.192 0.202
112 0.287 0.191 0.207
113 0.294 0.177 0.19
114 0.318 0.168 0.2
115 0.282 0.158 0.178
116 0.286 0.16 0.171
117 0.279 0.16 0.177
118 0.308 0.156 0.178
119 0.278 0.129 0.151
120 0.288 0.133 0.162
Parallel 
22 1.0 1.0 1.0
23 1.0 1.0 1.0
24 1.0 1.0 1.0
25 0.999 0.999 0.998
26 0.989 0.985 0.979
27 0.978 0.963 0.949
28 0.95 0.932 0.906
29 0.923 0.892 0.867
210 0.882 0.837 0.798
211 0.833 0.78 0.734
212 0.714 0.682 0.64
213 0.653 0.619 0.561
214 0.552 0.561 0.512
215 0.423 0.46 0.405
216 0.285 0.35 0.307
RSF 
11 1.0 1.0 1.0
12 0.313 0.39 0.347
13 0.311 0.369 0.324
14 0.001 0.008 0.004
15 0.0 0.003 0.001
16 0.0 0.006 0.004
17 0.0 0.0 0.0
18 0.0 0.0 0.0
19 0.0 0.0 0.0
110 0.0 0.0 0.0




cslen: 76
Work Load
11 1.0 1.0 1.0
12 1.0 1.0 1.0
13 0.352 0.432 0.38
14 0.258 0.386 0.364
15 0.223 0.302 0.29
16 0.2 0.248 0.253
17 0.119 0.126 0.156
18 0.0 0.0 0.0
19 0.0 0.0 0.0
110 0.0 0.0 0.0
CS Length 
Resource Access 
11 0.238 0.426 0.344
12 0.28 0.369 0.338
13 0.289 0.342 0.327
14 0.287 0.31 0.308
15 0.278 0.278 0.275
16 0.28 0.234 0.256
17 0.29 0.249 0.269
18 0.319 0.227 0.251
19 0.278 0.228 0.236
110 0.279 0.182 0.207
111 0.261 0.166 0.201
112 0.279 0.187 0.202
113 0.275 0.161 0.183
114 0.289 0.175 0.207
115 0.27 0.153 0.184
116 0.305 0.172 0.208
117 0.275 0.13 0.171
118 0.266 0.128 0.16
119 0.279 0.143 0.175
120 0.244 0.104 0.144
Parallel 
22 1.0 1.0 1.0
23 1.0 1.0 1.0
24 1.0 0.999 0.997
25 0.999 0.997 0.995
26 0.995 0.991 0.981
27 0.978 0.969 0.953
28 0.955 0.938 0.914
29 0.926 0.902 0.861
210 0.889 0.836 0.8
211 0.803 0.759 0.711
212 0.725 0.693 0.64
213 0.618 0.627 0.595
214 0.519 0.561 0.512
215 0.391 0.438 0.4
216 0.275 0.383 0.36
RSF 
11 1.0 1.0 1.0
12 0.286 0.381 0.345
13 0.285 0.394 0.367
14 0.0 0.003 0.007
15 0.0 0.002 0.0
16 0.0 0.003 0.005
17 0.0 0.0 0.0
18 0.0 0.0 0.0
19 0.0 0.0 0.0
110 0.0 0.0 0.0




cslen: 78
Work Load
11 1.0 1.0 1.0
12 1.0 1.0 1.0
13 0.32 0.436 0.387
14 0.253 0.339 0.32
15 0.205 0.324 0.306
16 0.148 0.231 0.24
17 0.098 0.118 0.152
18 0.0 0.0 0.0
19 0.0 0.0 0.0
110 0.0 0.0 0.0
CS Length 
Resource Access 
11 0.207 0.404 0.337
12 0.262 0.366 0.337
13 0.277 0.35 0.338
14 0.251 0.29 0.303
15 0.256 0.255 0.279
16 0.239 0.235 0.259
17 0.273 0.234 0.257
18 0.262 0.215 0.243
19 0.27 0.214 0.234
110 0.233 0.182 0.205
111 0.269 0.18 0.221
112 0.271 0.17 0.221
113 0.292 0.175 0.212
114 0.274 0.164 0.203
115 0.26 0.142 0.184
116 0.247 0.14 0.181
117 0.269 0.146 0.18
118 0.262 0.129 0.177
119 0.286 0.145 0.173
120 0.268 0.133 0.171
Parallel 
22 1.0 1.0 1.0
23 1.0 1.0 1.0
24 1.0 1.0 1.0
25 0.998 0.997 0.994
26 0.989 0.985 0.978
27 0.979 0.966 0.947
28 0.951 0.926 0.907
29 0.922 0.89 0.865
210 0.879 0.834 0.804
211 0.814 0.785 0.742
212 0.736 0.723 0.677
213 0.597 0.598 0.564
214 0.475 0.531 0.509
215 0.338 0.436 0.41
216 0.243 0.348 0.314
RSF 
11 1.0 1.0 1.0
12 0.239 0.352 0.324
13 0.242 0.372 0.339
14 0.0 0.001 0.005
15 0.001 0.004 0.005
16 0.0 0.002 0.004
17 0.0 0.0 0.0
18 0.0 0.0 0.0
19 0.0 0.0 0.0
110 0.0 0.0 0.0




cslen: 80
Work Load
11 1.0 1.0 1.0
12 1.0 1.0 1.0
13 0.326 0.469 0.413
14 0.215 0.378 0.346
15 0.159 0.281 0.27
16 0.114 0.224 0.223
17 0.098 0.128 0.161
18 0.0 0.0 0.0
19 0.0 0.0 0.0
110 0.0 0.0 0.0
CS Length 
Resource Access 
11 0.212 0.417 0.325
12 0.23 0.345 0.335
13 0.243 0.339 0.339
14 0.198 0.28 0.278
15 0.247 0.286 0.296
16 0.258 0.266 0.287
17 0.218 0.221 0.241
18 0.228 0.218 0.248
19 0.259 0.218 0.252
110 0.267 0.199 0.228
111 0.225 0.163 0.194
112 0.239 0.167 0.204
113 0.257 0.166 0.207
114 0.25 0.16 0.212
115 0.267 0.171 0.213
116 0.235 0.134 0.183
117 0.268 0.134 0.173
118 0.239 0.11 0.156
119 0.238 0.131 0.158
120 0.262 0.133 0.187
Parallel 
22 1.0 1.0 1.0
23 1.0 1.0 1.0
24 1.0 1.0 0.999
25 0.996 0.995 0.995
26 0.993 0.986 0.968
27 0.981 0.972 0.961
28 0.952 0.93 0.912
29 0.915 0.884 0.857
210 0.865 0.822 0.784
211 0.808 0.779 0.736
212 0.705 0.689 0.651
213 0.584 0.59 0.547
214 0.435 0.501 0.474
215 0.262 0.392 0.38
216 0.231 0.386 0.365
RSF 
11 1.0 1.0 1.0
12 0.205 0.366 0.322
13 0.215 0.366 0.334
14 0.0 0.003 0.002
15 0.0 0.004 0.004
16 0.0 0.006 0.005
17 0.0 0.0 0.0
18 0.0 0.0 0.0
19 0.0 0.0 0.0
110 0.0 0.0 0.0




cslen: 82
Work Load
11 1.0 1.0 1.0
12 1.0 1.0 1.0
13 0.249 0.402 0.364
14 0.195 0.348 0.339
15 0.154 0.297 0.294
16 0.12 0.211 0.214
17 0.097 0.119 0.151
18 0.0 0.0 0.0
19 0.0 0.0 0.0
110 0.0 0.0 0.0
CS Length 
Resource Access 
11 0.162 0.393 0.311
12 0.204 0.357 0.336
13 0.21 0.331 0.334
14 0.199 0.294 0.307
15 0.211 0.25 0.271
16 0.192 0.235 0.263
17 0.194 0.225 0.269
18 0.209 0.206 0.24
19 0.214 0.19 0.232
110 0.215 0.191 0.224
111 0.199 0.172 0.209
112 0.21 0.143 0.2
113 0.22 0.151 0.202
114 0.252 0.164 0.231
115 0.229 0.147 0.214
116 0.219 0.127 0.167
117 0.237 0.138 0.18
118 0.242 0.14 0.185
119 0.239 0.131 0.17
120 0.247 0.132 0.162
Parallel 
22 1.0 1.0 1.0
23 1.0 1.0 1.0
24 1.0 1.0 0.998
25 0.998 0.996 0.988
26 0.992 0.989 0.982
27 0.977 0.966 0.958
28 0.967 0.948 0.915
29 0.911 0.87 0.858
210 0.871 0.838 0.811
211 0.779 0.753 0.728
212 0.654 0.676 0.644
213 0.538 0.61 0.574
214 0.391 0.491 0.462
215 0.292 0.438 0.406
216 0.173 0.34 0.327
RSF 
11 1.0 1.0 1.0
12 0.212 0.366 0.342
13 0.191 0.356 0.315
14 0.0 0.005 0.006
15 0.0 0.001 0.002
16 0.0 0.004 0.003
17 0.0 0.0 0.0
18 0.0 0.0 0.0
19 0.0 0.0 0.0
110 0.0 0.0 0.0




cslen: 84
Work Load
11 1.0 1.0 1.0
12 1.0 1.0 1.0
13 0.223 0.4 0.366
14 0.183 0.337 0.335
15 0.127 0.281 0.277
16 0.089 0.223 0.237
17 0.062 0.129 0.17
18 0.0 0.0 0.0
19 0.0 0.0 0.0
110 0.0 0.0 0.0
CS Length 
Resource Access 
11 0.134 0.405 0.325
12 0.147 0.343 0.324
13 0.156 0.281 0.291
14 0.163 0.287 0.297
15 0.208 0.28 0.313
16 0.193 0.231 0.274
17 0.208 0.198 0.249
18 0.199 0.202 0.244
19 0.181 0.192 0.225
110 0.209 0.179 0.218
111 0.218 0.173 0.211
112 0.212 0.16 0.209
113 0.193 0.123 0.176
114 0.214 0.151 0.208
115 0.239 0.152 0.195
116 0.213 0.162 0.2
117 0.236 0.14 0.187
118 0.235 0.153 0.204
119 0.207 0.115 0.164
120 0.218 0.102 0.152
Parallel 
22 1.0 1.0 1.0
23 1.0 1.0 1.0
24 1.0 1.0 1.0
25 0.998 0.995 0.991
26 0.993 0.988 0.977
27 0.978 0.968 0.945
28 0.953 0.932 0.904
29 0.916 0.886 0.862
210 0.846 0.816 0.793
211 0.765 0.767 0.741
212 0.642 0.69 0.654
213 0.51 0.576 0.555
214 0.354 0.5 0.479
215 0.275 0.421 0.414
216 0.136 0.353 0.323
RSF 
11 1.0 1.0 1.0
12 0.168 0.362 0.338
13 0.146 0.333 0.31
14 0.0 0.004 0.005
15 0.0 0.002 0.006
16 0.0 0.001 0.004
17 0.0 0.0 0.0
18 0.0 0.0 0.0
19 0.0 0.0 0.0
110 0.0 0.0 0.0




cslen: 86
Work Load
11 1.0 1.0 1.0
12 1.0 1.0 1.0
13 0.222 0.419 0.38
14 0.14 0.345 0.335
15 0.102 0.266 0.252
16 0.087 0.225 0.238
17 0.066 0.105 0.145
18 0.0 0.0 0.0
19 0.0 0.0 0.0
110 0.0 0.0 0.0
CS Length 
Resource Access 
11 0.122 0.398 0.332
12 0.143 0.345 0.318
13 0.154 0.287 0.296
14 0.167 0.278 0.318
15 0.142 0.275 0.318
16 0.201 0.226 0.274
17 0.15 0.207 0.239
18 0.182 0.203 0.257
19 0.215 0.186 0.245
110 0.196 0.18 0.241
111 0.176 0.147 0.209
112 0.191 0.15 0.209
113 0.175 0.152 0.205
114 0.206 0.151 0.208
115 0.223 0.147 0.204
116 0.203 0.142 0.202
117 0.201 0.123 0.165
118 0.213 0.139 0.185
119 0.208 0.11 0.167
120 0.213 0.114 0.167
Parallel 
22 1.0 1.0 1.0
23 1.0 1.0 1.0
24 1.0 1.0 0.999
25 1.0 0.998 0.997
26 0.992 0.989 0.981
27 0.98 0.971 0.951
28 0.959 0.935 0.918
29 0.921 0.882 0.859
210 0.847 0.822 0.798
211 0.738 0.757 0.729
212 0.63 0.657 0.631
213 0.474 0.63 0.588
214 0.331 0.502 0.5
215 0.254 0.44 0.423
216 0.143 0.326 0.319
RSF 
11 1.0 1.0 1.0
12 0.165 0.365 0.344
13 0.135 0.347 0.335
14 0.0 0.002 0.003
15 0.0 0.001 0.002
16 0.0 0.003 0.003
17 0.0 0.0 0.0
18 0.0 0.0 0.0
19 0.0 0.0 0.0
110 0.0 0.0 0.0




cslen: 88
Work Load
11 1.0 1.0 1.0
12 1.0 1.0 1.0
13 0.173 0.396 0.357
14 0.128 0.349 0.336
15 0.085 0.271 0.275
16 0.08 0.197 0.226
17 0.062 0.118 0.153
18 0.0 0.0 0.0
19 0.0 0.0 0.0
110 0.0 0.0 0.0
CS Length 
Resource Access 
11 0.101 0.388 0.322
12 0.144 0.344 0.327
13 0.13 0.278 0.296
14 0.139 0.258 0.287
15 0.142 0.255 0.287
16 0.146 0.213 0.266
17 0.163 0.215 0.252
18 0.179 0.188 0.249
19 0.182 0.183 0.218
110 0.173 0.166 0.211
111 0.147 0.156 0.208
112 0.192 0.177 0.218
113 0.175 0.147 0.212
114 0.191 0.132 0.19
115 0.192 0.12 0.192
116 0.189 0.149 0.19
117 0.184 0.125 0.183
118 0.205 0.131 0.192
119 0.208 0.117 0.182
120 0.205 0.121 0.182
Parallel 
22 1.0 1.0 1.0
23 1.0 1.0 1.0
24 1.0 1.0 0.999
25 0.999 0.999 0.997
26 0.994 0.988 0.982
27 0.974 0.966 0.952
28 0.951 0.93 0.904
29 0.894 0.868 0.861
210 0.821 0.809 0.783
211 0.714 0.741 0.703
212 0.57 0.678 0.637
213 0.428 0.573 0.545
214 0.3 0.489 0.477
215 0.185 0.426 0.414
216 0.121 0.357 0.342
RSF 
11 1.0 1.0 1.0
12 0.118 0.339 0.313
13 0.104 0.357 0.353
14 0.0 0.001 0.002
15 0.0 0.004 0.005
16 0.0 0.0 0.0
17 0.0 0.0 0.0
18 0.0 0.0 0.0
19 0.0 0.0 0.0
110 0.0 0.0 0.0




cslen: 90
Work Load
11 1.0 1.0 1.0
12 1.0 1.0 1.0
13 0.161 0.386 0.366
14 0.096 0.321 0.328
15 0.064 0.288 0.293
16 0.055 0.209 0.236
17 0.041 0.095 0.153
18 0.0 0.0 0.0
19 0.0 0.0 0.0
110 0.0 0.0 0.0
CS Length 
Resource Access 
11 0.08 0.378 0.312
12 0.115 0.314 0.323
13 0.116 0.295 0.326
14 0.112 0.245 0.282
15 0.13 0.252 0.281
16 0.132 0.221 0.276
17 0.147 0.208 0.254
18 0.148 0.182 0.235
19 0.15 0.177 0.235
110 0.149 0.155 0.224
111 0.167 0.158 0.207
112 0.143 0.145 0.204
113 0.161 0.147 0.211
114 0.162 0.155 0.205
115 0.143 0.124 0.18
116 0.216 0.147 0.198
117 0.174 0.115 0.162
118 0.174 0.126 0.174
119 0.174 0.1 0.151
120 0.148 0.124 0.169
Parallel 
22 1.0 1.0 1.0
23 1.0 1.0 1.0
24 1.0 0.999 0.998
25 0.996 0.996 0.992
26 0.993 0.989 0.984
27 0.98 0.966 0.951
28 0.949 0.922 0.898
29 0.905 0.89 0.871
210 0.823 0.82 0.791
211 0.694 0.729 0.711
212 0.559 0.69 0.667
213 0.402 0.582 0.554
214 0.278 0.494 0.488
215 0.175 0.437 0.422
216 0.086 0.341 0.326
RSF 
11 1.0 1.0 1.0
12 0.079 0.313 0.328
13 0.107 0.374 0.366
14 0.0 0.002 0.002
15 0.0 0.0 0.0
16 0.0 0.004 0.005
17 0.0 0.0 0.0
18 0.0 0.0 0.0
19 0.0 0.0 0.0
110 0.0 0.0 0.0




cslen: 92
Work Load
11 1.0 1.0 1.0
12 1.0 1.0 1.0
13 0.146 0.396 0.376
14 0.077 0.327 0.311
15 0.068 0.264 0.267
16 0.046 0.206 0.238
17 0.039 0.101 0.142
18 0.0 0.0 0.0
19 0.0 0.0 0.0
110 0.0 0.0 0.0
CS Length 
Resource Access 
11 0.089 0.373 0.309
12 0.084 0.307 0.311
13 0.107 0.299 0.326
14 0.105 0.248 0.272
15 0.116 0.237 0.288
16 0.109 0.216 0.263
17 0.135 0.2 0.262
18 0.135 0.187 0.249
19 0.124 0.154 0.206
110 0.147 0.161 0.226
111 0.141 0.163 0.229
112 0.134 0.149 0.211
113 0.131 0.124 0.192
114 0.157 0.134 0.193
115 0.155 0.128 0.174
116 0.17 0.132 0.188
117 0.163 0.129 0.193
118 0.17 0.113 0.187
119 0.171 0.127 0.183
120 0.195 0.111 0.185
Parallel 
22 1.0 1.0 1.0
23 1.0 1.0 1.0
24 0.999 0.999 0.998
25 0.998 0.997 0.995
26 0.994 0.99 0.982
27 0.975 0.958 0.951
28 0.948 0.926 0.912
29 0.887 0.866 0.858
210 0.79 0.799 0.779
211 0.658 0.749 0.727
212 0.532 0.65 0.635
213 0.378 0.568 0.561
214 0.224 0.492 0.48
215 0.165 0.418 0.401
216 0.092 0.349 0.346
RSF 
11 1.0 1.0 1.0
12 0.106 0.338 0.333
13 0.083 0.302 0.302
14 0.0 0.001 0.003
15 0.0 0.001 0.003
16 0.0 0.003 0.002
17 0.0 0.0 0.0
18 0.0 0.0 0.0
19 0.0 0.0 0.0
110 0.0 0.0 0.0




cslen: 94
Work Load
11 1.0 1.0 1.0
12 1.0 1.0 1.0
13 0.112 0.382 0.366
14 0.063 0.313 0.306
15 0.058 0.267 0.282
16 0.043 0.183 0.21
17 0.023 0.079 0.115
18 0.0 0.0 0.0
19 0.0 0.0 0.0
110 0.0 0.0 0.0
CS Length 
Resource Access 
11 0.06 0.379 0.324
12 0.078 0.336 0.323
13 0.091 0.315 0.328
14 0.09 0.262 0.305
15 0.095 0.216 0.267
16 0.085 0.214 0.262
17 0.112 0.217 0.272
18 0.111 0.189 0.242
19 0.123 0.164 0.233
110 0.101 0.141 0.21
111 0.129 0.157 0.246
112 0.156 0.156 0.22
113 0.14 0.13 0.193
114 0.128 0.132 0.216
115 0.142 0.122 0.203
116 0.137 0.119 0.178
117 0.153 0.11 0.186
118 0.14 0.109 0.177
119 0.15 0.112 0.174
120 0.156 0.099 0.158
Parallel 
22 1.0 1.0 1.0
23 1.0 1.0 1.0
24 1.0 1.0 0.996
25 0.998 0.994 0.99
26 0.994 0.985 0.972
27 0.972 0.964 0.947
28 0.944 0.912 0.9
29 0.881 0.877 0.861
210 0.776 0.808 0.797
211 0.662 0.739 0.732
212 0.504 0.686 0.658
213 0.349 0.561 0.556
214 0.214 0.479 0.463
215 0.141 0.4 0.398
216 0.067 0.332 0.316
RSF 
11 1.0 1.0 1.0
12 0.055 0.312 0.302
13 0.074 0.341 0.331
14 0.0 0.0 0.006
15 0.0 0.002 0.003
16 0.0 0.001 0.004
17 0.0 0.0 0.0
18 0.0 0.0 0.0
19 0.0 0.0 0.0
110 0.0 0.0 0.0




cslen: 96
Work Load
11 1.0 1.0 1.0
12 1.0 1.0 1.0
13 0.105 0.377 0.356
14 0.055 0.323 0.331
15 0.04 0.256 0.277
16 0.042 0.199 0.224
17 0.018 0.092 0.138
18 0.0 0.0 0.0
19 0.0 0.0 0.0
110 0.0 0.0 0.0
CS Length 
Resource Access 
11 0.047 0.363 0.308
12 0.053 0.311 0.3
13 0.062 0.291 0.329
14 0.072 0.255 0.303
15 0.096 0.23 0.271
16 0.099 0.213 0.265
17 0.097 0.197 0.273
18 0.105 0.165 0.225
19 0.08 0.143 0.205
110 0.103 0.119 0.209
111 0.109 0.132 0.214
112 0.119 0.135 0.196
113 0.129 0.13 0.185
114 0.12 0.115 0.183
115 0.156 0.125 0.185
116 0.155 0.117 0.192
117 0.149 0.13 0.198
118 0.15 0.105 0.186
119 0.135 0.097 0.177
120 0.161 0.114 0.177
Parallel 
22 1.0 1.0 1.0
23 1.0 1.0 1.0
24 1.0 1.0 0.999
25 0.996 0.995 0.992
26 0.991 0.987 0.981
27 0.972 0.958 0.953
28 0.939 0.928 0.912
29 0.877 0.866 0.855
210 0.764 0.81 0.797
211 0.627 0.721 0.716
212 0.482 0.649 0.632
213 0.313 0.573 0.565
214 0.188 0.482 0.476
215 0.109 0.395 0.392
216 0.055 0.317 0.323
RSF 
11 1.0 1.0 1.0
12 0.052 0.323 0.318
13 0.052 0.295 0.288
14 0.0 0.002 0.003
15 0.0 0.001 0.005
16 0.0 0.003 0.004
17 0.0 0.0 0.0
18 0.0 0.0 0.0
19 0.0 0.0 0.0
110 0.0 0.0 0.0




cslen: 98
Work Load
11 1.0 1.0 1.0
12 1.0 1.0 1.0
13 0.092 0.394 0.378
14 0.045 0.294 0.302
15 0.037 0.245 0.26
16 0.021 0.164 0.193
17 0.019 0.091 0.145
18 0.0 0.0 0.0
19 0.0 0.0 0.0
110 0.0 0.0 0.0
CS Length 
Resource Access 
11 0.041 0.363 0.302
12 0.049 0.324 0.344
13 0.064 0.272 0.295
14 0.061 0.252 0.29
15 0.067 0.218 0.283
16 0.083 0.192 0.259
17 0.085 0.19 0.247
18 0.082 0.172 0.238
19 0.087 0.153 0.227
110 0.105 0.153 0.235
111 0.081 0.136 0.193
112 0.104 0.139 0.214
113 0.124 0.136 0.198
114 0.1 0.109 0.196
115 0.137 0.131 0.215
116 0.108 0.105 0.184
117 0.126 0.126 0.195
118 0.136 0.114 0.198
119 0.143 0.096 0.175
120 0.141 0.1 0.177
Parallel 
22 1.0 1.0 1.0
23 1.0 0.999 0.999
24 1.0 1.0 0.999
25 0.992 0.989 0.987
26 0.99 0.984 0.974
27 0.969 0.952 0.949
28 0.935 0.925 0.915
29 0.866 0.862 0.847
210 0.729 0.78 0.771
211 0.576 0.712 0.705
212 0.416 0.642 0.623
213 0.283 0.561 0.548
214 0.163 0.456 0.461
215 0.104 0.388 0.388
216 0.073 0.321 0.329
RSF 
11 1.0 1.0 1.0
12 0.056 0.324 0.318
13 0.054 0.318 0.324
14 0.0 0.003 0.002
15 0.0 0.002 0.004
16 0.0 0.003 0.003
17 0.0 0.0 0.0
18 0.0 0.0 0.0
19 0.0 0.0 0.0
110 0.0 0.0 0.0




cslen: 100
Work Load
11 1.0 1.0 1.0
12 1.0 1.0 1.0
13 0.074 0.371 0.361
14 0.047 0.304 0.304
15 0.03 0.258 0.289
16 0.02 0.175 0.226
17 0.009 0.089 0.141
18 0.0 0.0 0.0
19 0.0 0.0 0.0
110 0.0 0.0 0.0
CS Length 
Resource Access 
11 0.032 0.389 0.315
12 0.039 0.315 0.312
13 0.053 0.303 0.34
14 0.057 0.238 0.3
15 0.063 0.228 0.292
16 0.073 0.215 0.271
17 0.073 0.186 0.266
18 0.076 0.17 0.231
19 0.092 0.185 0.255
110 0.088 0.142 0.216
111 0.086 0.149 0.23
112 0.107 0.145 0.237
113 0.121 0.131 0.216
114 0.111 0.126 0.223
115 0.098 0.119 0.202
116 0.119 0.107 0.179
117 0.115 0.106 0.187
118 0.134 0.111 0.189
119 0.136 0.111 0.198
120 0.147 0.101 0.172
Parallel 
22 1.0 1.0 1.0
23 1.0 1.0 0.998
24 1.0 1.0 0.998
25 0.998 0.993 0.994
26 0.986 0.979 0.977
27 0.977 0.964 0.953
28 0.915 0.919 0.904
29 0.816 0.852 0.846
210 0.72 0.807 0.792
211 0.541 0.703 0.678
212 0.401 0.637 0.629
213 0.214 0.515 0.503
214 0.174 0.471 0.46
215 0.076 0.378 0.397
216 0.046 0.302 0.315
RSF 
11 1.0 1.0 1.0
12 0.05 0.331 0.327
13 0.046 0.326 0.334
14 0.0 0.0 0.002
15 0.0 0.002 0.005
16 0.0 0.001 0.004
17 0.0 0.0 0.0
18 0.0 0.0 0.0
19 0.0 0.0 0.0
110 0.0 0.0 0.0




cslen: 102
Work Load
11 1.0 1.0 1.0
12 1.0 1.0 1.0
13 0.072 0.364 0.376
14 0.045 0.328 0.323
15 0.027 0.251 0.268
16 0.016 0.164 0.204
17 0.015 0.094 0.145
18 0.0 0.0 0.0
19 0.0 0.0 0.0
110 0.0 0.0 0.0
CS Length 
Resource Access 
11 0.029 0.366 0.321
12 0.039 0.302 0.317
13 0.04 0.256 0.305
14 0.036 0.237 0.296
15 0.042 0.196 0.267
16 0.057 0.18 0.276
17 0.058 0.196 0.27
18 0.072 0.164 0.248
19 0.07 0.161 0.232
110 0.085 0.17 0.244
111 0.084 0.151 0.216
112 0.084 0.137 0.224
113 0.093 0.131 0.216
114 0.101 0.109 0.187
115 0.092 0.118 0.197
116 0.095 0.097 0.179
117 0.129 0.116 0.211
118 0.113 0.103 0.196
119 0.116 0.115 0.19
120 0.102 0.096 0.165
Parallel 
22 1.0 1.0 1.0
23 1.0 1.0 1.0
24 0.999 0.999 0.998
25 0.995 0.991 0.992
26 0.989 0.984 0.978
27 0.968 0.955 0.947
28 0.923 0.925 0.91
29 0.821 0.869 0.867
210 0.692 0.791 0.788
211 0.505 0.714 0.705
212 0.397 0.649 0.635
213 0.212 0.537 0.54
214 0.145 0.456 0.465
215 0.079 0.371 0.382
216 0.039 0.31 0.314
RSF 
11 1.0 1.0 1.0
12 0.041 0.329 0.351
13 0.037 0.298 0.315
14 0.0 0.001 0.002
15 0.0 0.001 0.003
16 0.0 0.001 0.0
17 0.0 0.0 0.0
18 0.0 0.0 0.0
19 0.0 0.0 0.0
110 0.0 0.0 0.0




cslen: 104
Work Load
11 1.0 1.0 1.0
12 1.0 1.0 1.0
13 0.056 0.363 0.356
14 0.029 0.281 0.311
15 0.023 0.233 0.267
16 0.009 0.166 0.197
17 0.015 0.079 0.145
18 0.0 0.0 0.0
19 0.0 0.0 0.0
110 0.0 0.0 0.0
CS Length 
Resource Access 
11 0.031 0.351 0.31
12 0.041 0.289 0.287
13 0.025 0.255 0.292
14 0.031 0.22 0.274
15 0.034 0.196 0.248
16 0.059 0.184 0.255
17 0.054 0.187 0.267
18 0.045 0.173 0.244
19 0.074 0.165 0.253
110 0.062 0.147 0.212
111 0.075 0.139 0.22
112 0.09 0.128 0.218
113 0.086 0.137 0.213
114 0.083 0.11 0.194
115 0.097 0.124 0.214
116 0.115 0.12 0.209
117 0.103 0.081 0.173
118 0.11 0.095 0.167
119 0.121 0.108 0.188
120 0.115 0.088 0.173
Parallel 
22 1.0 1.0 1.0
23 1.0 1.0 1.0
24 0.999 0.998 0.997
25 0.996 0.995 0.989
26 0.99 0.984 0.978
27 0.966 0.955 0.953
28 0.912 0.925 0.918
29 0.83 0.869 0.861
210 0.673 0.813 0.808
211 0.494 0.724 0.72
212 0.339 0.627 0.634
213 0.218 0.518 0.515
214 0.119 0.487 0.496
215 0.05 0.38 0.396
216 0.031 0.317 0.324
RSF 
11 1.0 1.0 1.0
12 0.032 0.3 0.326
13 0.026 0.311 0.316
14 0.0 0.004 0.004
15 0.0 0.001 0.003
16 0.0 0.001 0.002
17 0.0 0.0 0.0
18 0.0 0.0 0.0
19 0.0 0.0 0.0
110 0.0 0.0 0.0




cslen: 106
Work Load
11 1.0 1.0 1.0
12 1.0 1.0 1.0
13 0.06 0.371 0.377
14 0.019 0.281 0.306
15 0.012 0.219 0.244
16 0.006 0.154 0.195
17 0.01 0.092 0.149
18 0.0 0.0 0.0
19 0.0 0.0 0.0
110 0.0 0.0 0.0
CS Length 
Resource Access 
11 0.023 0.347 0.297
12 0.025 0.295 0.304
13 0.03 0.237 0.288
14 0.043 0.219 0.294
15 0.043 0.205 0.283
16 0.044 0.185 0.258
17 0.047 0.171 0.238
18 0.048 0.17 0.243
19 0.055 0.136 0.241
110 0.057 0.133 0.215
111 0.074 0.142 0.222
112 0.058 0.124 0.213
113 0.07 0.102 0.179
114 0.082 0.105 0.221
115 0.094 0.114 0.207
116 0.085 0.093 0.195
117 0.097 0.104 0.179
118 0.086 0.094 0.188
119 0.116 0.08 0.182
120 0.104 0.09 0.178
Parallel 
22 1.0 1.0 1.0
23 1.0 1.0 1.0
24 1.0 1.0 0.999
25 0.989 0.987 0.981
26 0.991 0.985 0.982
27 0.97 0.957 0.953
28 0.891 0.916 0.901
29 0.801 0.865 0.851
210 0.64 0.807 0.791
211 0.489 0.702 0.711
212 0.316 0.642 0.638
213 0.189 0.564 0.566
214 0.103 0.451 0.473
215 0.045 0.378 0.388
216 0.028 0.312 0.312
RSF 
11 1.0 1.0 1.0
12 0.038 0.304 0.324
13 0.027 0.312 0.325
14 0.0 0.001 0.004
15 0.0 0.001 0.004
16 0.0 0.001 0.004
17 0.0 0.0 0.0
18 0.0 0.0 0.0
19 0.0 0.0 0.0
110 0.0 0.0 0.0




cslen: 108
Work Load
11 1.0 1.0 1.0
12 1.0 1.0 1.0
13 0.043 0.37 0.384
14 0.018 0.284 0.296
15 0.015 0.22 0.247
16 0.005 0.149 0.19
17 0.005 0.069 0.128
18 0.0 0.0 0.0
19 0.0 0.0 0.0
110 0.0 0.0 0.0
CS Length 
Resource Access 
11 0.021 0.334 0.296
12 0.023 0.336 0.345
13 0.023 0.278 0.336
14 0.029 0.21 0.266
15 0.044 0.198 0.269
16 0.03 0.158 0.23
17 0.038 0.157 0.228
18 0.043 0.169 0.247
19 0.033 0.135 0.221
110 0.057 0.14 0.23
111 0.049 0.119 0.19
112 0.064 0.124 0.205
113 0.079 0.119 0.204
114 0.058 0.103 0.2
115 0.074 0.103 0.183
116 0.072 0.102 0.197
117 0.077 0.082 0.173
118 0.098 0.102 0.205
119 0.094 0.101 0.198
120 0.093 0.081 0.173
Parallel 
22 1.0 1.0 1.0
23 1.0 1.0 1.0
24 1.0 1.0 1.0
25 0.996 0.994 0.987
26 0.985 0.983 0.979
27 0.961 0.949 0.95
28 0.882 0.91 0.903
29 0.777 0.873 0.865
210 0.616 0.797 0.79
211 0.431 0.731 0.736
212 0.292 0.637 0.627
213 0.155 0.537 0.562
214 0.079 0.461 0.473
215 0.042 0.388 0.414
216 0.018 0.323 0.341
RSF 
11 1.0 1.0 1.0
12 0.022 0.307 0.32
13 0.019 0.317 0.338
14 0.0 0.001 0.003
15 0.0 0.0 0.003
16 0.0 0.0 0.003
17 0.0 0.0 0.0
18 0.0 0.0 0.0
19 0.0 0.0 0.0
110 0.0 0.0 0.0




cslen: 110
Work Load
11 1.0 1.0 1.0
12 1.0 1.0 1.0
13 0.031 0.354 0.357
14 0.02 0.289 0.293
15 0.01 0.209 0.246
16 0.013 0.153 0.205
17 0.003 0.066 0.129
18 0.0 0.0 0.0
19 0.0 0.0 0.0
110 0.0 0.0 0.0
CS Length 
Resource Access 
11 0.015 0.367 0.317
12 0.015 0.282 0.314
13 0.023 0.26 0.307
14 0.024 0.207 0.272
15 0.029 0.188 0.283
16 0.028 0.178 0.25
17 0.038 0.167 0.253
18 0.036 0.132 0.218
19 0.041 0.148 0.235
110 0.062 0.142 0.222
111 0.049 0.118 0.224
112 0.066 0.137 0.219
113 0.064 0.102 0.198
114 0.049 0.111 0.196
115 0.072 0.103 0.212
116 0.069 0.1 0.196
117 0.077 0.083 0.171
118 0.075 0.09 0.186
119 0.071 0.093 0.175
120 0.084 0.077 0.173
Parallel 
22 1.0 1.0 1.0
23 1.0 1.0 1.0
24 0.999 0.999 0.999
25 0.998 0.997 0.994
26 0.986 0.981 0.979
27 0.952 0.954 0.951
28 0.88 0.91 0.909
29 0.74 0.855 0.855
210 0.548 0.763 0.76
211 0.375 0.707 0.701
212 0.249 0.608 0.612
213 0.136 0.543 0.565
214 0.082 0.465 0.47
215 0.044 0.362 0.362
216 0.007 0.275 0.283
RSF 
11 1.0 1.0 1.0
12 0.015 0.307 0.327
13 0.02 0.291 0.318
14 0.0 0.0 0.003
15 0.0 0.001 0.003
16 0.0 0.0 0.001
17 0.0 0.0 0.0
18 0.0 0.0 0.0
19 0.0 0.0 0.0
110 0.0 0.0 0.0




cslen: 112
Work Load
11 1.0 1.0 1.0
12 1.0 1.0 1.0
13 0.028 0.347 0.355
14 0.01 0.319 0.32
15 0.009 0.23 0.266
16 0.006 0.167 0.222
17 0.004 0.06 0.122
18 0.0 0.0 0.0
19 0.0 0.0 0.0
110 0.0 0.0 0.0
CS Length 
Resource Access 
11 0.008 0.333 0.302
12 0.019 0.302 0.31
13 0.022 0.244 0.28
14 0.021 0.227 0.3
15 0.027 0.211 0.281
16 0.03 0.166 0.262
17 0.027 0.173 0.249
18 0.031 0.16 0.254
19 0.04 0.151 0.239
110 0.034 0.131 0.24
111 0.051 0.114 0.218
112 0.053 0.122 0.201
113 0.061 0.119 0.203
114 0.053 0.108 0.203
115 0.069 0.105 0.196
116 0.072 0.111 0.197
117 0.064 0.085 0.172
118 0.069 0.104 0.192
119 0.064 0.094 0.195
120 0.086 0.082 0.177
Parallel 
22 1.0 1.0 1.0
23 1.0 1.0 0.999
24 0.999 0.999 0.998
25 0.996 0.994 0.991
26 0.982 0.974 0.97
27 0.944 0.937 0.936
28 0.867 0.906 0.906
29 0.729 0.853 0.849
210 0.579 0.767 0.782
211 0.385 0.702 0.719
212 0.217 0.616 0.645
213 0.118 0.535 0.551
214 0.056 0.427 0.443
215 0.025 0.358 0.376
216 0.014 0.284 0.308
RSF 
11 1.0 1.0 1.0
12 0.016 0.308 0.325
13 0.012 0.293 0.311
14 0.0 0.0 0.0
15 0.0 0.0 0.001
16 0.0 0.0 0.002
17 0.0 0.0 0.0
18 0.0 0.0 0.0
19 0.0 0.0 0.0
110 0.0 0.0 0.0




cslen: 114
Work Load
11 1.0 1.0 1.0
12 1.0 1.0 1.0
13 0.034 0.358 0.364
14 0.011 0.261 0.287
15 0.003 0.229 0.251
16 0.005 0.136 0.188
17 0.007 0.076 0.144
18 0.0 0.0 0.0
19 0.0 0.0 0.0
110 0.0 0.0 0.0
CS Length 
Resource Access 
11 0.009 0.344 0.302
12 0.015 0.278 0.299
13 0.013 0.232 0.276
14 0.02 0.208 0.282
15 0.018 0.196 0.275
16 0.023 0.169 0.268
17 0.026 0.162 0.247
18 0.033 0.137 0.22
19 0.039 0.142 0.233
110 0.025 0.115 0.217
111 0.03 0.119 0.226
112 0.045 0.117 0.221
113 0.047 0.114 0.214
114 0.043 0.109 0.192
115 0.055 0.102 0.194
116 0.053 0.093 0.189
117 0.052 0.104 0.193
118 0.059 0.091 0.17
119 0.073 0.084 0.197
120 0.085 0.078 0.177
Parallel 
22 1.0 1.0 1.0
23 1.0 1.0 1.0
24 0.998 0.997 0.997
25 0.995 0.994 0.989
26 0.98 0.979 0.97
27 0.947 0.961 0.954
28 0.86 0.905 0.904
29 0.692 0.855 0.849
210 0.535 0.813 0.806
211 0.347 0.702 0.701
212 0.2 0.59 0.608
213 0.101 0.486 0.506
214 0.065 0.436 0.473
215 0.035 0.347 0.37
216 0.012 0.3 0.332
RSF 
11 1.0 1.0 1.0
12 0.011 0.31 0.339
13 0.015 0.303 0.324
14 0.0 0.001 0.002
15 0.0 0.0 0.002
16 0.0 0.0 0.0
17 0.0 0.0 0.0
18 0.0 0.0 0.0
19 0.0 0.0 0.0
110 0.0 0.0 0.0




cslen: 116
Work Load
11 1.0 1.0 1.0
12 1.0 1.0 1.0
13 0.022 0.348 0.372
14 0.011 0.298 0.321
15 0.003 0.228 0.26
16 0.003 0.154 0.195
17 0.004 0.067 0.134
18 0.0 0.0 0.0
19 0.0 0.0 0.0
110 0.0 0.0 0.0
CS Length 
Resource Access 
11 0.006 0.33 0.298
12 0.014 0.295 0.315
13 0.017 0.236 0.308
14 0.012 0.221 0.298
15 0.011 0.193 0.274
16 0.021 0.182 0.258
17 0.017 0.161 0.26
18 0.028 0.132 0.224
19 0.034 0.129 0.241
110 0.034 0.124 0.223
111 0.033 0.114 0.216
112 0.042 0.103 0.195
113 0.036 0.089 0.203
114 0.038 0.112 0.195
115 0.049 0.098 0.177
116 0.048 0.097 0.213
117 0.057 0.1 0.186
118 0.059 0.109 0.189
119 0.077 0.079 0.183
120 0.059 0.081 0.17
Parallel 
22 1.0 1.0 1.0
23 1.0 1.0 1.0
24 0.999 0.998 0.998
25 1.0 0.999 0.997
26 0.986 0.981 0.978
27 0.93 0.953 0.95
28 0.849 0.908 0.91
29 0.678 0.855 0.855
210 0.503 0.787 0.787
211 0.319 0.691 0.706
212 0.193 0.606 0.63
213 0.096 0.511 0.528
214 0.043 0.436 0.45
215 0.02 0.361 0.383
216 0.014 0.305 0.335
RSF 
11 1.0 1.0 1.0
12 0.01 0.27 0.303
13 0.007 0.309 0.325
14 0.0 0.0 0.003
15 0.0 0.001 0.002
16 0.0 0.002 0.004
17 0.0 0.0 0.0
18 0.0 0.0 0.0
19 0.0 0.0 0.0
110 0.0 0.0 0.0




cslen: 118
Work Load
11 1.0 1.0 1.0
12 1.0 1.0 1.0
13 0.021 0.334 0.362
14 0.009 0.272 0.292
15 0.002 0.204 0.246
16 0.003 0.168 0.207
17 0.002 0.072 0.136
18 0.0 0.0 0.0
19 0.0 0.0 0.0
110 0.0 0.0 0.0
CS Length 
Resource Access 
11 0.005 0.33 0.296
12 0.011 0.282 0.313
13 0.009 0.258 0.302
14 0.011 0.227 0.298
15 0.017 0.206 0.305
16 0.015 0.164 0.241
17 0.016 0.142 0.244
18 0.021 0.139 0.225
19 0.032 0.135 0.241
110 0.032 0.111 0.22
111 0.034 0.105 0.211
112 0.031 0.108 0.227
113 0.033 0.094 0.188
114 0.045 0.105 0.221
115 0.043 0.096 0.189
116 0.04 0.106 0.193
117 0.047 0.077 0.197
118 0.051 0.079 0.182
119 0.056 0.086 0.171
120 0.052 0.084 0.189
Parallel 
22 1.0 1.0 1.0
23 1.0 1.0 1.0
24 1.0 0.999 0.999
25 0.994 0.991 0.989
26 0.971 0.967 0.971
27 0.929 0.949 0.949
28 0.82 0.907 0.903
29 0.643 0.867 0.857
210 0.435 0.761 0.77
211 0.296 0.676 0.692
212 0.153 0.607 0.617
213 0.094 0.538 0.547
214 0.03 0.412 0.448
215 0.019 0.321 0.366
216 0.01 0.275 0.297
RSF 
11 1.0 1.0 1.0
12 0.012 0.266 0.298
13 0.006 0.279 0.323
14 0.0 0.001 0.002
15 0.0 0.0 0.0
16 0.0 0.0 0.001
17 0.0 0.0 0.0
18 0.0 0.0 0.0
19 0.0 0.0 0.0
110 0.0 0.0 0.0




cslen: 120
Work Load
11 1.0 1.0 1.0
12 1.0 1.0 1.0
13 0.015 0.332 0.357
14 0.01 0.268 0.316
15 0.006 0.197 0.236
16 0.0 0.159 0.208
17 0.001 0.054 0.124
18 0.0 0.0 0.0
19 0.0 0.0 0.0
110 0.0 0.0 0.0
CS Length 
Resource Access 
11 0.004 0.338 0.303
12 0.005 0.266 0.304
13 0.01 0.225 0.29
14 0.012 0.207 0.287
15 0.01 0.176 0.272
16 0.014 0.164 0.246
17 0.022 0.15 0.262
18 0.019 0.131 0.219
19 0.026 0.123 0.217
110 0.021 0.129 0.224
111 0.019 0.104 0.21
112 0.038 0.105 0.219
113 0.031 0.104 0.206
114 0.038 0.095 0.212
115 0.043 0.104 0.219
116 0.047 0.078 0.193
117 0.038 0.078 0.166
118 0.05 0.094 0.217
119 0.056 0.088 0.17
120 0.042 0.077 0.171
Parallel 
22 1.0 1.0 1.0
23 1.0 1.0 1.0
24 0.999 0.998 0.998
25 0.998 0.991 0.996
26 0.982 0.979 0.979
27 0.922 0.95 0.948
28 0.776 0.912 0.905
29 0.63 0.853 0.853
210 0.443 0.775 0.764
211 0.261 0.699 0.701
212 0.154 0.621 0.643
213 0.074 0.538 0.574
214 0.036 0.451 0.474
215 0.02 0.336 0.373
216 0.005 0.274 0.308
RSF 
11 1.0 1.0 1.0
12 0.004 0.282 0.316
13 0.015 0.294 0.332
14 0.0 0.0 0.006
15 0.0 0.003 0.005
16 0.0 0.0 0.001
17 0.0 0.0 0.0
18 0.0 0.0 0.0
19 0.0 0.0 0.0
110 0.0 0.0 0.0




cslen: 122
Work Load
11 1.0 1.0 1.0
12 1.0 1.0 1.0
13 0.018 0.341 0.362
14 0.004 0.27 0.318
15 0.002 0.207 0.251
16 0.006 0.141 0.195
17 0.002 0.063 0.119
18 0.0 0.0 0.0
19 0.0 0.0 0.0
110 0.0 0.0 0.0
CS Length 
Resource Access 
11 0.002 0.338 0.297
12 0.003 0.278 0.31
13 0.009 0.24 0.316
14 0.018 0.242 0.328
15 0.009 0.164 0.268
16 0.008 0.155 0.257
17 0.019 0.166 0.252
18 0.018 0.133 0.227
19 0.015 0.126 0.228
110 0.033 0.131 0.236
111 0.028 0.094 0.195
112 0.027 0.093 0.189
113 0.024 0.092 0.199
114 0.03 0.109 0.21
115 0.036 0.089 0.197
116 0.022 0.067 0.171
117 0.044 0.082 0.218
118 0.039 0.087 0.188
119 0.044 0.075 0.183
120 0.051 0.079 0.183
Parallel 
22 1.0 1.0 1.0
23 1.0 1.0 1.0
24 0.999 0.999 0.999
25 0.992 0.99 0.986
26 0.977 0.977 0.975
27 0.91 0.944 0.941
28 0.762 0.908 0.909
29 0.613 0.847 0.855
210 0.397 0.788 0.794
211 0.248 0.7 0.712
212 0.132 0.609 0.617
213 0.078 0.527 0.55
214 0.033 0.437 0.463
215 0.015 0.323 0.357
216 0.005 0.267 0.313
RSF 
11 1.0 1.0 1.0
12 0.006 0.255 0.311
13 0.013 0.272 0.314
14 0.0 0.0 0.0
15 0.0 0.001 0.002
16 0.0 0.0 0.0
17 0.0 0.0 0.0
18 0.0 0.0 0.0
19 0.0 0.0 0.0
110 0.0 0.0 0.0




cslen: 124
Work Load
11 1.0 1.0 1.0
12 1.0 1.0 1.0
13 0.022 0.348 0.363
14 0.004 0.291 0.323
15 0.001 0.221 0.26
16 0.002 0.114 0.178
17 0.001 0.066 0.13
18 0.0 0.0 0.0
19 0.0 0.0 0.0
110 0.0 0.0 0.0
CS Length 
Resource Access 
11 0.003 0.334 0.314
12 0.001 0.28 0.308
13 0.005 0.242 0.299
14 0.005 0.191 0.269
15 0.007 0.166 0.274
16 0.017 0.157 0.267
17 0.01 0.158 0.265
18 0.009 0.133 0.23
19 0.026 0.124 0.218
110 0.016 0.111 0.211
111 0.021 0.12 0.214
112 0.022 0.091 0.206
113 0.026 0.104 0.205
114 0.042 0.086 0.182
115 0.036 0.084 0.21
116 0.032 0.098 0.218
117 0.043 0.095 0.203
118 0.037 0.104 0.218
119 0.047 0.082 0.196
120 0.032 0.071 0.186
Parallel 
22 1.0 1.0 1.0
23 1.0 1.0 1.0
24 1.0 1.0 1.0
25 0.995 0.991 0.991
26 0.971 0.971 0.97
27 0.896 0.943 0.938
28 0.776 0.911 0.916
29 0.552 0.849 0.845
210 0.34 0.75 0.762
211 0.228 0.706 0.722
212 0.111 0.616 0.628
213 0.069 0.519 0.532
214 0.034 0.432 0.463
215 0.011 0.344 0.374
216 0.006 0.27 0.308
RSF 
11 1.0 1.0 1.0
12 0.003 0.266 0.3
13 0.005 0.253 0.309
14 0.0 0.0 0.004
15 0.0 0.0 0.002
16 0.0 0.0 0.0
17 0.0 0.0 0.0
18 0.0 0.0 0.0
19 0.0 0.0 0.0
110 0.0 0.0 0.0




cslen: 126
Work Load
11 1.0 1.0 1.0
12 1.0 1.0 1.0
13 0.013 0.345 0.375
14 0.005 0.286 0.33
15 0.004 0.216 0.265
16 0.002 0.126 0.189
17 0.002 0.053 0.101
18 0.0 0.0 0.0
19 0.0 0.0 0.0
110 0.0 0.0 0.0
CS Length 
Resource Access 
11 0.004 0.322 0.294
12 0.002 0.251 0.265
13 0.002 0.219 0.282
14 0.009 0.18 0.267
15 0.006 0.165 0.268
16 0.013 0.161 0.266
17 0.008 0.141 0.246
18 0.009 0.125 0.242
19 0.013 0.128 0.224
110 0.021 0.121 0.223
111 0.018 0.114 0.233
112 0.023 0.104 0.222
113 0.022 0.09 0.197
114 0.023 0.081 0.19
115 0.027 0.083 0.191
116 0.032 0.097 0.207
117 0.031 0.094 0.214
118 0.03 0.078 0.19
119 0.041 0.07 0.173
120 0.051 0.081 0.217
Parallel 
22 1.0 1.0 1.0
23 1.0 1.0 1.0
24 0.998 0.998 0.996
25 0.997 0.997 0.996
26 0.964 0.969 0.965
27 0.902 0.954 0.952
28 0.744 0.91 0.913
29 0.55 0.847 0.841
210 0.347 0.769 0.772
211 0.195 0.712 0.726
212 0.107 0.584 0.595
213 0.062 0.542 0.563
214 0.019 0.419 0.455
215 0.017 0.325 0.357
216 0.002 0.293 0.329
RSF 
11 1.0 1.0 1.0
12 0.006 0.28 0.321
13 0.004 0.252 0.293
14 0.0 0.001 0.002
15 0.0 0.001 0.003
16 0.0 0.0 0.001
17 0.0 0.0 0.0
18 0.0 0.0 0.0
19 0.0 0.0 0.0
110 0.0 0.0 0.0




cslen: 128
Work Load
11 1.0 1.0 1.0
12 1.0 1.0 1.0
13 0.004 0.325 0.345
14 0.002 0.259 0.282
15 0.0 0.204 0.265
16 0.002 0.124 0.196
17 0.0 0.055 0.118
18 0.0 0.0 0.0
19 0.0 0.0 0.0
110 0.0 0.0 0.0
CS Length 
Resource Access 
11 0.003 0.32 0.295
12 0.0 0.262 0.309
13 0.005 0.218 0.298
14 0.006 0.198 0.3
15 0.005 0.156 0.247
16 0.009 0.127 0.223
17 0.011 0.152 0.245
18 0.007 0.115 0.225
19 0.018 0.112 0.229
110 0.007 0.11 0.211
111 0.011 0.106 0.22
112 0.015 0.09 0.191
113 0.016 0.086 0.204
114 0.019 0.08 0.199
115 0.019 0.074 0.166
116 0.02 0.088 0.181
117 0.023 0.075 0.216
118 0.033 0.089 0.211
119 0.038 0.076 0.193
120 0.041 0.07 0.196
Parallel 
22 1.0 1.0 1.0
23 1.0 1.0 1.0
24 0.998 0.998 0.994
25 0.997 0.996 0.995
26 0.954 0.967 0.967
27 0.875 0.951 0.954
28 0.708 0.902 0.906
29 0.516 0.852 0.854
210 0.303 0.768 0.775
211 0.192 0.696 0.709
212 0.113 0.617 0.631
213 0.054 0.503 0.543
214 0.016 0.405 0.445
215 0.013 0.345 0.397
216 0.004 0.262 0.307
RSF 
11 1.0 1.0 1.0
12 0.005 0.279 0.318
13 0.009 0.272 0.314
14 0.0 0.001 0.004
15 0.0 0.001 0.001
16 0.0 0.0 0.002
17 0.0 0.0 0.0
18 0.0 0.0 0.0
19 0.0 0.0 0.0
110 0.0 0.0 0.0




cslen: 130
Work Load
11 1.0 1.0 1.0
12 1.0 1.0 1.0
13 0.013 0.325 0.352
14 0.002 0.255 0.289
15 0.003 0.197 0.251
16 0.0 0.126 0.191
17 0.0 0.046 0.096
18 0.0 0.0 0.0
19 0.0 0.0 0.0
110 0.0 0.0 0.0
CS Length 
Resource Access 
11 0.003 0.306 0.286
12 0.004 0.238 0.286
13 0.004 0.215 0.295
14 0.005 0.191 0.278
15 0.005 0.179 0.269
16 0.003 0.157 0.242
17 0.009 0.132 0.237
18 0.012 0.126 0.261
19 0.011 0.117 0.231
110 0.017 0.103 0.234
111 0.017 0.121 0.228
112 0.007 0.098 0.212
113 0.018 0.103 0.255
114 0.015 0.086 0.223
115 0.028 0.085 0.208
116 0.039 0.086 0.199
117 0.029 0.078 0.18
118 0.027 0.069 0.17
119 0.046 0.072 0.192
120 0.029 0.08 0.183
Parallel 
22 1.0 1.0 1.0
23 1.0 1.0 1.0
24 0.999 0.998 0.997
25 0.997 0.995 0.994
26 0.962 0.981 0.979
27 0.841 0.949 0.946
28 0.67 0.891 0.902
29 0.473 0.832 0.843
210 0.302 0.779 0.777
211 0.179 0.677 0.69
212 0.097 0.6 0.628
213 0.044 0.524 0.573
214 0.012 0.434 0.468
215 0.007 0.332 0.375
216 0.005 0.267 0.309
RSF 
11 1.0 1.0 1.0
12 0.002 0.25 0.293
13 0.0 0.274 0.317
14 0.0 0.001 0.002
15 0.0 0.0 0.001
16 0.0 0.0 0.002
17 0.0 0.0 0.0
18 0.0 0.0 0.0
19 0.0 0.0 0.0
110 0.0 0.0 0.0




cslen: 132
Work Load
11 1.0 1.0 1.0
12 1.0 1.0 1.0
13 0.01 0.308 0.363
14 0.002 0.264 0.303
15 0.0 0.18 0.226
16 0.001 0.126 0.191
17 0.0 0.044 0.106
18 0.0 0.0 0.0
19 0.0 0.0 0.0
110 0.0 0.0 0.0
CS Length 
Resource Access 
11 0.003 0.314 0.306
12 0.003 0.237 0.281
13 0.0 0.203 0.274
14 0.003 0.183 0.273
15 0.006 0.18 0.286
16 0.008 0.167 0.266
17 0.004 0.135 0.238
18 0.013 0.101 0.227
19 0.012 0.122 0.241
110 0.011 0.103 0.207
111 0.012 0.108 0.228
112 0.01 0.09 0.195
113 0.018 0.098 0.215
114 0.022 0.085 0.225
115 0.014 0.08 0.204
116 0.019 0.081 0.185
117 0.026 0.066 0.17
118 0.033 0.09 0.219
119 0.028 0.064 0.19
120 0.028 0.084 0.204
Parallel 
22 1.0 1.0 1.0
23 1.0 1.0 0.999
24 0.999 0.997 0.998
25 0.988 0.987 0.984
26 0.958 0.983 0.984
27 0.837 0.94 0.939
28 0.659 0.897 0.897
29 0.465 0.819 0.83
210 0.276 0.771 0.777
211 0.148 0.684 0.705
212 0.07 0.597 0.633
213 0.023 0.5 0.539
214 0.017 0.428 0.457
215 0.004 0.36 0.396
216 0.0 0.254 0.307
RSF 
11 1.0 1.0 1.0
12 0.0 0.271 0.317
13 0.001 0.23 0.277
14 0.0 0.0 0.002
15 0.0 0.0 0.001
16 0.0 0.001 0.0
17 0.0 0.0 0.0
18 0.0 0.0 0.0
19 0.0 0.0 0.0
110 0.0 0.0 0.0




cslen: 134
Work Load
11 1.0 1.0 1.0
12 1.0 1.0 1.0
13 0.006 0.322 0.354
14 0.005 0.285 0.323
15 0.001 0.194 0.236
16 0.001 0.13 0.191
17 0.001 0.052 0.106
18 0.0 0.0 0.0
19 0.0 0.0 0.0
110 0.0 0.0 0.0
CS Length 
Resource Access 
11 0.003 0.316 0.305
12 0.002 0.237 0.295
13 0.007 0.235 0.327
14 0.003 0.207 0.273
15 0.004 0.169 0.293
16 0.008 0.141 0.245
17 0.004 0.142 0.27
18 0.007 0.132 0.231
19 0.007 0.117 0.237
110 0.005 0.1 0.195
111 0.011 0.097 0.202
112 0.018 0.099 0.204
113 0.008 0.077 0.198
114 0.016 0.074 0.198
115 0.013 0.075 0.178
116 0.016 0.072 0.21
117 0.021 0.059 0.188
118 0.027 0.079 0.187
119 0.024 0.058 0.172
120 0.028 0.074 0.202
Parallel 
22 1.0 1.0 1.0
23 1.0 0.999 0.999
24 0.998 0.996 0.997
25 0.992 0.995 0.993
26 0.95 0.976 0.974
27 0.839 0.944 0.955
28 0.648 0.894 0.903
29 0.456 0.828 0.835
210 0.242 0.753 0.76
211 0.13 0.651 0.684
212 0.058 0.576 0.599
213 0.034 0.491 0.532
214 0.011 0.394 0.44
215 0.006 0.314 0.363
216 0.003 0.261 0.312
RSF 
11 1.0 1.0 1.0
12 0.001 0.262 0.319
13 0.004 0.245 0.287
14 0.0 0.001 0.004
15 0.0 0.0 0.0
16 0.0 0.0 0.001
17 0.0 0.0 0.0
18 0.0 0.0 0.0
19 0.0 0.0 0.0
110 0.0 0.0 0.0




cslen: 136
Work Load
11 1.0 1.0 1.0
12 1.0 1.0 1.0
13 0.005 0.325 0.364
14 0.004 0.254 0.301
15 0.0 0.18 0.236
16 0.0 0.128 0.191
17 0.0 0.044 0.104
18 0.0 0.0 0.0
19 0.0 0.0 0.0
110 0.0 0.0 0.0
CS Length 
Resource Access 
11 0.003 0.303 0.281
12 0.001 0.267 0.315
13 0.001 0.211 0.282
14 0.003 0.175 0.273
15 0.005 0.149 0.264
16 0.004 0.124 0.224
17 0.005 0.132 0.246
18 0.007 0.123 0.228
19 0.01 0.117 0.247
110 0.005 0.114 0.211
111 0.008 0.102 0.207
112 0.019 0.102 0.233
113 0.013 0.087 0.212
114 0.016 0.076 0.174
115 0.011 0.079 0.209
116 0.012 0.085 0.203
117 0.019 0.07 0.202
118 0.024 0.076 0.202
119 0.029 0.088 0.206
120 0.023 0.071 0.206
Parallel 
22 1.0 1.0 1.0
23 0.999 0.999 0.999
24 0.998 0.997 0.995
25 0.989 0.985 0.986
26 0.93 0.974 0.976
27 0.791 0.932 0.935
28 0.611 0.898 0.91
29 0.374 0.815 0.817
210 0.262 0.789 0.801
211 0.153 0.675 0.7
212 0.057 0.588 0.63
213 0.028 0.482 0.525
214 0.009 0.403 0.444
215 0.004 0.297 0.355
216 0.003 0.262 0.308
RSF 
11 1.0 1.0 1.0
12 0.003 0.252 0.3
13 0.001 0.27 0.311
14 0.0 0.001 0.003
15 0.0 0.002 0.004
16 0.0 0.0 0.003
17 0.0 0.0 0.0
18 0.0 0.0 0.0
19 0.0 0.0 0.0
110 0.0 0.0 0.0




cslen: 138
Work Load
11 1.0 1.0 1.0
12 1.0 1.0 1.0
13 0.012 0.32 0.36
14 0.001 0.224 0.271
15 0.0 0.19 0.246
16 0.0 0.128 0.193
17 0.0 0.035 0.095
18 0.0 0.0 0.0
19 0.0 0.0 0.0
110 0.0 0.0 0.0
CS Length 
Resource Access 
11 0.001 0.313 0.301
12 0.001 0.24 0.279
13 0.003 0.218 0.301
14 0.002 0.195 0.291
15 0.004 0.142 0.245
16 0.003 0.154 0.264
17 0.003 0.124 0.229
18 0.006 0.123 0.23
19 0.001 0.101 0.218
110 0.009 0.099 0.212
111 0.012 0.099 0.242
112 0.003 0.072 0.19
113 0.012 0.096 0.209
114 0.01 0.073 0.199
115 0.011 0.074 0.198
116 0.016 0.079 0.202
117 0.014 0.068 0.19
118 0.023 0.069 0.193
119 0.026 0.072 0.187
120 0.023 0.066 0.183
Parallel 
22 1.0 1.0 1.0
23 1.0 1.0 0.999
24 0.998 0.997 0.997
25 0.99 0.986 0.984
26 0.93 0.977 0.977
27 0.774 0.936 0.941
28 0.581 0.89 0.9
29 0.374 0.848 0.864
210 0.228 0.761 0.788
211 0.109 0.678 0.705
212 0.049 0.583 0.597
213 0.018 0.471 0.511
214 0.005 0.381 0.425
215 0.002 0.301 0.347
216 0.002 0.261 0.307
RSF 
11 1.0 1.0 1.0
12 0.003 0.255 0.295
13 0.0 0.243 0.302
14 0.0 0.0 0.001
15 0.0 0.001 0.001
16 0.0 0.0 0.002
17 0.0 0.0 0.0
18 0.0 0.0 0.0
19 0.0 0.0 0.0
110 0.0 0.0 0.0




cslen: 140
Work Load
11 1.0 1.0 1.0
12 1.0 1.0 1.0
13 0.009 0.304 0.335
14 0.001 0.254 0.313
15 0.0 0.185 0.233
16 0.0 0.108 0.168
17 0.0 0.052 0.116
18 0.0 0.0 0.0
19 0.0 0.0 0.0
110 0.0 0.0 0.0
CS Length 
Resource Access 
11 0.0 0.284 0.266
12 0.001 0.27 0.3
13 0.0 0.221 0.292
14 0.002 0.156 0.256
15 0.002 0.154 0.248
16 0.002 0.157 0.253
17 0.005 0.11 0.23
18 0.007 0.128 0.219
19 0.005 0.098 0.2
110 0.006 0.113 0.222
111 0.009 0.087 0.206
112 0.008 0.096 0.203
113 0.009 0.085 0.204
114 0.013 0.089 0.198
115 0.009 0.065 0.191
116 0.015 0.076 0.196
117 0.014 0.067 0.208
118 0.026 0.077 0.179
119 0.015 0.057 0.194
120 0.017 0.067 0.211
Parallel 
22 1.0 1.0 1.0
23 1.0 1.0 1.0
24 0.998 0.998 0.998
25 0.987 0.989 0.991
26 0.927 0.97 0.974
27 0.754 0.939 0.941
28 0.54 0.891 0.889
29 0.377 0.843 0.866
210 0.202 0.746 0.759
211 0.081 0.659 0.694
212 0.061 0.596 0.621
213 0.018 0.487 0.519
214 0.01 0.422 0.46
215 0.004 0.321 0.375
216 0.002 0.263 0.314
RSF 
11 1.0 1.0 1.0
12 0.001 0.252 0.32
13 0.0 0.242 0.295
14 0.0 0.001 0.002
15 0.0 0.0 0.001
16 0.0 0.001 0.004
17 0.0 0.0 0.0
18 0.0 0.0 0.0
19 0.0 0.0 0.0
110 0.0 0.0 0.0




cslen: 142
Work Load
11 1.0 1.0 1.0
12 1.0 1.0 1.0
13 0.008 0.315 0.369
14 0.001 0.23 0.299
15 0.0 0.172 0.238
16 0.0 0.11 0.164
17 0.0 0.038 0.098
18 0.0 0.0 0.0
19 0.0 0.0 0.0
110 0.0 0.0 0.0
CS Length 
Resource Access 
11 0.001 0.289 0.288
12 0.002 0.246 0.318
13 0.002 0.194 0.293
14 0.002 0.177 0.275
15 0.003 0.135 0.23
16 0.005 0.127 0.244
17 0.004 0.127 0.244
18 0.004 0.126 0.257
19 0.007 0.117 0.248
110 0.004 0.098 0.224
111 0.004 0.093 0.213
112 0.008 0.089 0.207
113 0.012 0.082 0.209
114 0.013 0.067 0.197
115 0.013 0.083 0.202
116 0.015 0.095 0.217
117 0.021 0.069 0.19
118 0.019 0.07 0.203
119 0.019 0.06 0.195
120 0.019 0.064 0.214
Parallel 
22 1.0 1.0 1.0
23 1.0 1.0 1.0
24 0.999 0.998 0.997
25 0.983 0.987 0.984
26 0.916 0.968 0.967
27 0.766 0.94 0.95
28 0.52 0.902 0.917
29 0.346 0.833 0.844
210 0.188 0.752 0.772
211 0.082 0.674 0.71
212 0.044 0.571 0.591
213 0.012 0.453 0.5
214 0.006 0.393 0.447
215 0.006 0.323 0.392
216 0.0 0.215 0.282
RSF 
11 1.0 1.0 1.0
12 0.0 0.267 0.321
13 0.001 0.238 0.31
14 0.0 0.0 0.001
15 0.0 0.001 0.001
16 0.0 0.001 0.001
17 0.0 0.0 0.0
18 0.0 0.0 0.0
19 0.0 0.0 0.0
110 0.0 0.0 0.0




cslen: 144
Work Load
11 1.0 1.0 1.0
12 1.0 1.0 1.0
13 0.006 0.289 0.337
14 0.001 0.231 0.308
15 0.0 0.182 0.236
16 0.0 0.103 0.16
17 0.0 0.042 0.109
18 0.0 0.0 0.0
19 0.0 0.0 0.0
110 0.0 0.0 0.0
CS Length 
Resource Access 
11 0.001 0.279 0.264
12 0.002 0.245 0.294
13 0.002 0.193 0.261
14 0.001 0.171 0.278
15 0.0 0.146 0.251
16 0.003 0.143 0.257
17 0.004 0.122 0.231
18 0.002 0.115 0.222
19 0.007 0.098 0.216
110 0.004 0.1 0.234
111 0.003 0.094 0.224
112 0.008 0.075 0.197
113 0.011 0.095 0.233
114 0.011 0.086 0.21
115 0.006 0.081 0.216
116 0.019 0.087 0.225
117 0.016 0.07 0.192
118 0.018 0.074 0.192
119 0.016 0.07 0.206
120 0.017 0.074 0.209
Parallel 
22 1.0 1.0 1.0
23 1.0 0.999 1.0
24 0.999 0.998 0.999
25 0.984 0.99 0.991
26 0.887 0.98 0.976
27 0.725 0.938 0.941
28 0.502 0.917 0.922
29 0.276 0.819 0.835
210 0.185 0.767 0.788
211 0.08 0.668 0.683
212 0.042 0.567 0.607
213 0.014 0.477 0.529
214 0.009 0.418 0.47
215 0.003 0.312 0.385
216 0.0 0.243 0.302
RSF 
11 1.0 1.0 1.0
12 0.003 0.256 0.307
13 0.0 0.24 0.294
14 0.0 0.001 0.003
15 0.0 0.0 0.002
16 0.0 0.0 0.001
17 0.0 0.0 0.0
18 0.0 0.0 0.0
19 0.0 0.0 0.0
110 0.0 0.0 0.0




cslen: 146
Work Load
11 1.0 1.0 1.0
12 1.0 1.0 1.0
13 0.003 0.292 0.331
14 0.0 0.235 0.292
15 0.0 0.186 0.259
16 0.0 0.106 0.17
17 0.0 0.038 0.092
18 0.0 0.0 0.0
19 0.0 0.0 0.0
110 0.0 0.0 0.0
CS Length 
Resource Access 
11 0.002 0.271 0.266
12 0.0 0.25 0.3
13 0.002 0.189 0.278
14 0.001 0.173 0.289
15 0.004 0.143 0.255
16 0.002 0.135 0.253
17 0.001 0.106 0.225
18 0.003 0.108 0.243
19 0.004 0.101 0.231
110 0.005 0.097 0.24
111 0.008 0.083 0.22
112 0.004 0.068 0.204
113 0.008 0.08 0.19
114 0.015 0.075 0.179
115 0.01 0.07 0.228
116 0.016 0.068 0.2
117 0.011 0.053 0.195
118 0.013 0.069 0.2
119 0.015 0.066 0.201
120 0.015 0.07 0.224
Parallel 
22 1.0 1.0 1.0
23 1.0 0.999 1.0
24 1.0 0.998 0.999
25 0.981 0.983 0.986
26 0.9 0.974 0.975
27 0.72 0.938 0.943
28 0.484 0.892 0.907
29 0.278 0.827 0.845
210 0.172 0.751 0.777
211 0.096 0.663 0.689
212 0.037 0.575 0.603
213 0.014 0.457 0.504
214 0.008 0.38 0.445
215 0.002 0.305 0.35
216 0.0 0.224 0.294
RSF 
11 1.0 1.0 1.0
12 0.001 0.235 0.3
13 0.0 0.216 0.278
14 0.0 0.001 0.003
15 0.0 0.0 0.002
16 0.0 0.0 0.0
17 0.0 0.0 0.0
18 0.0 0.0 0.0
19 0.0 0.0 0.0
110 0.0 0.0 0.0




cslen: 148
Work Load
11 1.0 1.0 1.0
12 1.0 1.0 1.0
13 0.006 0.27 0.308
14 0.002 0.24 0.297
15 0.0 0.17 0.23
16 0.0 0.101 0.169
17 0.0 0.035 0.1
18 0.0 0.0 0.0
19 0.0 0.0 0.0
110 0.0 0.0 0.0
CS Length 
Resource Access 
11 0.001 0.257 0.242
12 0.0 0.213 0.257
13 0.002 0.2 0.266
14 0.002 0.152 0.274
15 0.0 0.145 0.247
16 0.002 0.122 0.257
17 0.002 0.105 0.208
18 0.006 0.096 0.229
19 0.005 0.117 0.23
110 0.0 0.084 0.203
111 0.006 0.083 0.212
112 0.006 0.072 0.198
113 0.011 0.079 0.209
114 0.009 0.071 0.207
115 0.01 0.061 0.184
116 0.011 0.068 0.203
117 0.011 0.072 0.201
118 0.012 0.055 0.183
119 0.013 0.075 0.199
120 0.026 0.07 0.207
Parallel 
22 1.0 1.0 1.0
23 1.0 1.0 1.0
24 0.999 0.996 0.996
25 0.977 0.993 0.994
26 0.852 0.969 0.972
27 0.653 0.944 0.943
28 0.461 0.885 0.888
29 0.286 0.835 0.844
210 0.143 0.729 0.759
211 0.067 0.659 0.684
212 0.022 0.545 0.582
213 0.013 0.452 0.491
214 0.005 0.401 0.448
215 0.003 0.307 0.374
216 0.002 0.238 0.273
RSF 
11 1.0 1.0 1.0
12 0.0 0.226 0.284
13 0.002 0.257 0.308
14 0.0 0.0 0.0
15 0.0 0.0 0.0
16 0.0 0.0 0.001
17 0.0 0.0 0.0
18 0.0 0.0 0.0
19 0.0 0.0 0.0
110 0.0 0.0 0.0




cslen: 150
Work Load
11 1.0 1.0 1.0
12 1.0 1.0 1.0
13 0.001 0.301 0.36
14 0.004 0.235 0.306
15 0.001 0.183 0.234
16 0.0 0.085 0.138
17 0.0 0.045 0.111
18 0.0 0.0 0.0
19 0.0 0.0 0.0
110 0.0 0.0 0.0
CS Length 
Resource Access 
11 0.0 0.323 0.312
12 0.001 0.236 0.288
13 0.0 0.187 0.273
14 0.003 0.159 0.278
15 0.004 0.156 0.254
16 0.002 0.115 0.241
17 0.004 0.104 0.23
18 0.002 0.098 0.223
19 0.008 0.089 0.239
110 0.002 0.089 0.21
111 0.004 0.08 0.209
112 0.006 0.089 0.216
113 0.009 0.081 0.224
114 0.007 0.068 0.218
115 0.004 0.077 0.214
116 0.008 0.079 0.195
117 0.009 0.057 0.192
118 0.018 0.046 0.183
119 0.015 0.045 0.168
120 0.015 0.062 0.191
Parallel 
22 1.0 1.0 1.0
23 1.0 1.0 1.0
24 0.998 0.996 0.995
25 0.978 0.992 0.993
26 0.845 0.971 0.968
27 0.65 0.931 0.94
28 0.426 0.88 0.893
29 0.269 0.822 0.838
210 0.147 0.745 0.757
211 0.069 0.652 0.695
212 0.023 0.571 0.619
213 0.016 0.471 0.528
214 0.004 0.384 0.439
215 0.002 0.28 0.35
216 0.001 0.24 0.299
RSF 
11 1.0 1.0 1.0
12 0.001 0.241 0.302
13 0.001 0.224 0.277
14 0.0 0.0 0.0
15 0.0 0.001 0.003
16 0.0 0.001 0.004
17 0.0 0.0 0.0
18 0.0 0.0 0.0
19 0.0 0.0 0.0
110 0.0 0.0 0.0




